last-generated=2022-03-29
statistics-simulation=
{
  "linear": " ",
  "nonlinear": " ",
  "number of continuous time states": "6",
  "numerical Jacobians": "0"
}
time=[0e+00, 2.4e+02]
PNet.y=[-2.5e+03, -2.5e+03, -2.5e+03, -2.5e+03, -2.5e+03, -2.5e+03, -2.5e+03, -2.5e+03, -2.5e+03, -2.5e+03, -2.5e+03, -2.5e+03, -2.5e+03, -2.5e+03, -2.5e+03, -2.5e+03, -2.5e+03, -2.5e+03, -2.5e+03, -2.5e+03, -2.5e+03, -2.5e+03, -2.5e+03, -2.5e+03, -2.5e+03, -2.5e+03, -2.300000127155686e+03, -2.100000254311371e+03, -1.899999745688627e+03, -1.699999872844314e+03, -1.5e+03, -1.300000127155686e+03, -1.100000254311373e+03, -8.999997456886273e+02, -6.99999872844313e+02, -5e+02, -3.00000127155687e+02, -1.000002543113727e+02, 1.000002543113727e+02, 3.000001271556869e+02, 5e+02, 6.99999872844313e+02, 8.999997456886273e+02, 1.100000254311373e+03, 1.300000127155686e+03, 1.5e+03, 1.699999872844314e+03, 1.899999745688627e+03, 2.100000254311371e+03, 2.300000127155686e+03, 2.5e+03, 2.5e+03, 2.5e+03, 2.5e+03, 2.5e+03, 2.5e+03, 2.5e+03, 2.5e+03, 2.5e+03, 2.5e+03, 2.5e+03, 2.5e+03, 2.5e+03, 2.5e+03, 2.5e+03, 2.5e+03, 2.5e+03, 2.5e+03, 2.5e+03, 2.5e+03, 2.5e+03, 2.5e+03, 2.5e+03, 2.5e+03, 2.5e+03, 2.5e+03, 2.5e+03, 2.5e+03, 2.5e+03, 2.5e+03, 2.5e+03, 2.5e+03, 2.5e+03, 2.5e+03, 2.5e+03, 2.5e+03, 2.5e+03, 2.5e+03, 2.5e+03, 2.5e+03, 2.5e+03, 2.5e+03, 2.5e+03, 2.5e+03, 2.5e+03, 2.5e+03, 2.5e+03, 2.5e+03, 2.5e+03, 2.5e+03, 2.5e+03]
bat.bat.P=[0e+00, -8.84417191208506e+02, -1.777170477268492e+03, -2.217764180288533e+03, -2.397418682465504e+03, -2.4643310546875e+03, -2.487965578061488e+03, -2.496026612593556e+03, -2.498708983854625e+03, -2.499585937415599e+03, -2.499868408203125e+03, -2.499958251959722e+03, -2.499986328129269e+03, -2.49999609374806e+03, -2.4999990234375e+03, -2.499999267578125e+03, -2.499999511717974e+03, -2.499999755859375e+03, -2.499999755859375e+03, -2.5e+03, -2.5e+03, -2.5e+03, -2.5e+03, -2.5e+03, -2.5e+03, -2.5e+03, -2.471166298998866e+03, -2.36142229305769e+03, -2.199191177990642e+03, -2.013455321890383e+03, -1.818535766601562e+03, -1.620280521978593e+03, -1.42086390131907e+03, -1.096379480599987e+03, -5.386868667887012e+02, -2.192497863769531e+02, -8.157951079985182e+01, -2.879642411017435e+01, -9.817896040360354e+00, -3.265969828035922e+00, -1.066674470901489e+00, -3.434591700101742e-01, -1.093428142015066e-01, 1.342016824473975e+02, 6.319178318537168e+02, 1.032558471679688e+03, 1.323383867069534e+03, 1.559043417506972e+03, 1.772046283266997e+03, 1.976576178399257e+03, 2.178106689453125e+03, 2.349780185317151e+03, 2.440198405806539e+03, 2.478021022181465e+03, 2.492301978748202e+03, 2.497388427734375e+03, 2.4991340354041e+03, 2.499717772984252e+03, 2.499908203242969e+03, 2.499969482328745e+03, 2.499989990234375e+03, 2.499996582040563e+03, 2.499999023434395e+03, 2.5e+03, 2.500000244140625e+03, 2.500000244140625e+03, 2.500000244140625e+03, 2.500000244140625e+03, 2.500000244140625e+03, 2.5e+03, 2.5e+03, 2.5e+03, 2.5e+03, 2.5e+03, 2.5e+03, 2.5e+03, 2.5e+03, 2.5e+03, 2.5e+03, 2.5e+03, 2.5e+03, 2.5e+03, 2.5e+03, 2.5e+03, 2.5e+03, 2.5e+03, 2.5e+03, 2.5e+03, 2.5e+03, 2.5e+03, 2.5e+03, 2.5e+03, 2.5e+03, 2.5e+03, 2.5e+03, 2.5e+03, 2.5e+03, 2.5e+03, 2.5e+03, 2.5e+03, 2.5e+03]
bat.bat.SOC=[5e-01, 4.999941885476258e-01, 4.999720454237912e-01, 4.999393224687528e-01, 4.999018907608104e-01, 4.998625814914703e-01, 4.998225867684549e-01, 4.997823834290879e-01, 4.997420907148466e-01, 4.997017681662612e-01, 4.996614158153534e-01, 4.996210932667443e-01, 4.995807707181352e-01, 4.995404183992965e-01, 4.995000958185947e-01, 4.994597733020782e-01, 4.994194209832394e-01, 4.993790984025376e-01, 4.99338775885974e-01, 4.992984235030919e-01, 4.992581009864807e-01, 4.992177784698695e-01, 4.9917742608694e-01, 4.991371035703764e-01, 4.990967511874944e-01, 4.990564286708832e-01, 4.99016225363372e-01, 4.989771545420275e-01, 4.989403187781442e-01, 4.989063143525529e-01, 4.988753795623779e-01, 4.988476634193261e-01, 4.988231063184683e-01, 4.988021850373723e-01, 4.987892210432393e-01, 4.987834095954895e-01, 4.987811744221631e-01, 4.987803399570415e-01, 4.987800717351926e-01, 4.987799525260925e-01, 4.987799227237701e-01, 4.987799227237701e-01, 4.987799227237701e-01, 4.987801909471348e-01, 4.987843036698033e-01, 4.987934231758118e-01, 4.988062083632107e-01, 4.988218247678258e-01, 4.988398254164014e-01, 4.988600611824077e-01, 4.988825023174286e-01, 4.989070296126482e-01, 4.989329576156936e-01, 4.989595413549066e-01, 4.989863931446826e-01, 4.990133345127106e-01, 4.990403354853833e-01, 4.990673064842588e-01, 4.990943074569338e-01, 4.991213082581317e-01, 4.991483092308044e-01, 4.991753102034772e-01, 4.992023110046751e-01, 4.9922931197735e-01, 4.99256312778548e-01, 4.992833137512207e-01, 4.993103147238934e-01, 4.993373155250914e-01, 4.993643164977663e-01, 4.993913172989642e-01, 4.99418318271637e-01, 4.994453192443097e-01, 4.994723200455076e-01, 4.994993210181826e-01, 4.995263218190015e-01, 4.995533227920532e-01, 4.995803237647259e-01, 4.996073245657344e-01, 4.996343255385988e-01, 4.996613263394178e-01, 4.996882975101471e-01, 4.997152984831988e-01, 4.997422992840178e-01, 4.997693002568822e-01, 4.997963010578906e-01, 4.998233020305634e-01, 4.99850303003615e-01, 4.99877303804434e-01, 4.99904304777109e-01, 4.999313055783069e-01, 4.999583065509796e-01, 4.999853075236523e-01, 5.000123381269832e-01, 5.000393390996581e-01, 5.000663399006666e-01, 5.000933408737183e-01, 5.001203418460121e-01, 5.001472830431336e-01, 5.001742840158085e-01, 5.002012848171959e-01, 5.002282857894897e-01]
