last-generated=2022-03-29
statistics-initialization=
{
  "linear": "8",
  "nonlinear": "1",
  "numerical Jacobians": "0"
}
statistics-simulation=
{
  "linear": "0, 5, 0",
  "nonlinear": "0, 1",
  "number of continuous time states": "27",
  "numerical Jacobians": "0"
}
time=[0e+00, 8.64e+04]
thermoFluid.zon.thermalZoneFourElements.TAir=[2.931499938964844e+02, 2.92220947265625e+02, 2.921695556640625e+02, 2.921524047851562e+02, 2.921357727050781e+02, 2.921188659667969e+02, 2.921540832519531e+02, 2.924269714355469e+02, 2.927104797363281e+02, 2.929812927246094e+02, 2.931190185546875e+02, 2.931200866699219e+02, 2.931167297363281e+02, 2.931169738769531e+02, 2.931169738769531e+02, 2.931170043945312e+02, 2.931170349121094e+02, 2.931170654296875e+02, 2.931171264648438e+02, 2.931171875e+02, 2.931172485351562e+02, 2.9311474609375e+02, 2.929957275390625e+02, 2.927313842773438e+02, 2.924381408691406e+02, 2.921644897460938e+02, 2.9202783203125e+02, 2.919961242675781e+02, 2.919719543457031e+02, 2.919494323730469e+02, 2.919312438964844e+02, 2.919156494140625e+02, 2.919141845703125e+02, 2.919142456054688e+02, 2.919142456054688e+02, 2.919143981933594e+02, 2.91913330078125e+02, 2.919121398925781e+02, 2.91911376953125e+02, 2.919108276367188e+02, 2.91910400390625e+02, 2.919100646972656e+02, 2.919192199707031e+02, 2.920361328125e+02, 2.92277099609375e+02, 2.925547485351562e+02, 2.928465576171875e+02, 2.930620727539062e+02, 2.931193237304688e+02, 2.931115112304688e+02, 2.931110534667969e+02, 2.931109619140625e+02, 2.931109924316406e+02, 2.93111572265625e+02, 2.931124877929688e+02, 2.931130981445312e+02, 2.931135864257812e+02, 2.931134033203125e+02, 2.931126708984375e+02, 2.930712890625e+02, 2.928736267089844e+02, 2.925770568847656e+02, 2.922979736328125e+02, 2.920466003417969e+02, 2.919136657714844e+02, 2.919091796875e+02, 2.919111938476562e+02, 2.919098510742188e+02, 2.919089965820312e+02, 2.919085693359375e+02, 2.919082336425781e+02, 2.919078979492188e+02, 2.919073181152344e+02, 2.919068298339844e+02, 2.919063415527344e+02, 2.919058227539062e+02, 2.919051818847656e+02, 2.919044799804688e+02, 2.919037780761719e+02, 2.919030456542969e+02, 2.919519653320312e+02, 2.921321716308594e+02, 2.924048767089844e+02, 2.926874084472656e+02, 2.929597778320312e+02, 2.930983581542969e+02, 2.930995483398438e+02, 2.930959777832031e+02, 2.930962829589844e+02, 2.930964965820312e+02, 2.930966186523438e+02, 2.930967407226562e+02, 2.930968627929688e+02, 2.93096923828125e+02, 2.930970458984375e+02, 2.9309716796875e+02, 2.930948181152344e+02, 2.929768676757812e+02, 2.927142639160156e+02, 2.924234313964844e+02, 2.921517028808594e+02]
weaDat.weaBus.TDryBul=[2.796499938964844e+02, 2.797812194824219e+02, 2.798468627929688e+02, 2.798229675292969e+02, 2.796856079101562e+02, 2.794263305664062e+02, 2.790942687988281e+02, 2.787453308105469e+02, 2.784351806640625e+02, 2.781832885742188e+02, 2.7792578125e+02, 2.777042236328125e+02, 2.775692443847656e+02, 2.775499877929688e+02, 2.775499877929688e+02, 2.775499877929688e+02, 2.775499877929688e+02, 2.775499877929688e+02, 2.775499877929688e+02, 2.775499877929688e+02, 2.775499877929688e+02, 2.775490112304688e+02, 2.775076599121094e+02, 2.774256286621094e+02, 2.773305053710938e+02, 2.7725e+02, 2.771971435546875e+02, 2.771573181152344e+02, 2.771167602539062e+02, 2.770615844726562e+02, 2.76947998046875e+02, 2.767466735839844e+02, 2.765130615234375e+02, 2.763042602539062e+02, 2.7615478515625e+02, 2.760316772460938e+02, 2.759501647949219e+02, 2.75930419921875e+02, 2.75997314453125e+02, 2.761666259765625e+02, 2.763796997070312e+02, 2.765694885253906e+02, 2.766762084960938e+02, 2.76748291015625e+02, 2.768157958984375e+02, 2.768854675292969e+02, 2.769642028808594e+02, 2.770633544921875e+02, 2.771729736328125e+02, 2.77274658203125e+02, 2.773500061035156e+02, 2.773704528808594e+02, 2.773404846191406e+02, 2.77291015625e+02, 2.772530517578125e+02, 2.77253662109375e+02, 2.772859191894531e+02, 2.773259582519531e+02, 2.773497924804688e+02, 2.7721826171875e+02, 2.766854248046875e+02, 2.760219116210938e+02, 2.755332641601562e+02, 2.754841613769531e+02, 2.757491760253906e+02, 2.76118408203125e+02, 2.76402099609375e+02, 2.764339904785156e+02, 2.76385986328125e+02, 2.763380126953125e+02, 2.762900085449219e+02, 2.762420043945312e+02, 2.761940002441406e+02, 2.7614599609375e+02, 2.760979919433594e+02, 2.760499877929688e+02, 2.759280395507812e+02, 2.757079467773438e+02, 2.754643249511719e+02, 2.752718505859375e+02, 2.751507873535156e+02, 2.750385131835938e+02, 2.749414367675781e+02, 2.748678588867188e+02, 2.748179931640625e+02, 2.747699890136719e+02, 2.747219848632812e+02, 2.746740112304688e+02, 2.746260070800781e+02, 2.745780029296875e+02, 2.745299987792969e+02, 2.744819946289062e+02, 2.744356994628906e+02, 2.744087829589844e+02, 2.743941955566406e+02, 2.743770446777344e+02, 2.743415832519531e+02, 2.742482299804688e+02, 2.741094665527344e+02, 2.739638366699219e+02, 2.738500061035156e+02]
thermoFluid.zon.TMin=[2.916499938964844e+02, 2.916499938964844e+02]
thermoFluid.zon.TMax=[2.956499938964844e+02, 2.956499938964844e+02]
thermoFluid.zon.T0=[2.931499938964844e+02, 2.931499938964844e+02]
thermoFluid.conFlu.yIn[1]=[-1e+00, -1e+00, -1e+00, -1e+00, -1e+00, -8.00000011920929e-01, -5.600000023841858e-01, -3.199999928474423e-01, -7.999999821186066e-02, 0e+00, 0e+00, 0e+00, 0e+00, 0e+00, 0e+00, 0e+00, 0e+00, 0e+00, 0e+00, 0e+00, 0e+00, -3.999999910593033e-02, -2.800000011920929e-01, -5.199999809265137e-01, -7.599999904632568e-01, -1e+00, -1e+00, -1e+00, -1e+00, -1e+00, -1e+00, -1e+00, -1e+00, -1e+00, -1e+00, -1e+00, -1e+00, -1e+00, -1e+00, -1e+00, -1e+00, -1e+00, -9.200000166893005e-01, -6.800000071525574e-01, -4.399999976158142e-01, -2.000000029802322e-01, 0e+00, 0e+00, 0e+00, 0e+00, 0e+00, 0e+00, 0e+00, 0e+00, 0e+00, 0e+00, 0e+00, 0e+00, 0e+00, -1.599999964237213e-01, -4.000000059604645e-01, -6.399999856948853e-01, -8.799999952316284e-01, -1e+00, -1e+00, -1e+00, -1e+00, -1e+00, -1e+00, -1e+00, -1e+00, -1e+00, -1e+00, -1e+00, -1e+00, -1e+00, -1e+00, -1e+00, -1e+00, -1e+00, -8.00000011920929e-01, -5.600000023841858e-01, -3.199999928474426e-01, -7.999999821186066e-02, 0e+00, 0e+00, 0e+00, 0e+00, 0e+00, 0e+00, 0e+00, 0e+00, 0e+00, 0e+00, 0e+00, 0e+00, -3.999999910593033e-02, -2.800000011920929e-01, -5.199999809265137e-01, -7.599999904632568e-01, -1e+00]
thermoFluid.conFlu.yIn[2]=[-0e+00, 6.014305353164673e-01, 6.379436850547791e-01, 6.501478552818298e-01, 6.619770526885986e-01, 6.739956140518188e-01, 6.48948609828949e-01, 4.561609625816343e-01, 2.637308835983276e-01, 9.47503075003624e-02, 1.669187843799591e-02, 1.611908152699471e-02, 1.794271543622017e-02, 1.780848763883114e-02, 1.779810525476933e-02, 1.779348775744438e-02, 1.777077838778496e-02, 1.7747538164258e-02, 1.77207849919796e-02, 1.768867112696171e-02, 1.765267550945282e-02, 1.901970244944096e-02, 8.628334850072861e-02, 2.50076562166214e-01, 4.483614265918732e-01, 6.415418982505798e-01, 7.386278510093689e-01, 7.610629200935364e-01, 7.781323194503785e-01, 7.940097451210022e-01, 8.06796133518219e-01, 8.17741870880127e-01, 8.187764286994934e-01, 8.187222480773926e-01, 8.187257647514343e-01, 8.186218738555908e-01, 8.19360613822937e-01, 8.201889991760254e-01, 8.207274079322815e-01, 8.211292624473572e-01, 8.214237093925476e-01, 8.216503858566284e-01, 8.152300715446472e-01, 7.327382564544678e-01, 5.616021752357483e-01, 3.679624199867249e-01, 1.765419393777847e-01, 4.822733253240585e-02, 1.652446202933788e-02, 2.078034915030003e-02, 2.103852480649948e-02, 2.108293771743774e-02, 2.106455154716969e-02, 2.074616029858589e-02, 2.024645172059536e-02, 1.991816982626915e-02, 1.96452047675848e-02, 1.975571177899837e-02, 2.015000209212303e-02, 4.305312037467957e-02, 1.597277075052261e-01, 3.527882397174835e-01, 5.468213558197021e-01, 7.253222465515137e-01, 8.191291689872742e-01, 8.222835063934326e-01, 8.208625912666321e-01, 8.218038082122803e-01, 8.223928213119507e-01, 8.227055072784424e-01, 8.229272961616516e-01, 8.231809139251709e-01, 8.235703706741333e-01, 8.239256143569946e-01, 8.242703676223755e-01, 8.24630081653595e-01, 8.250721096992493e-01, 8.255574703216553e-01, 8.260638117790222e-01, 8.265618681907654e-01, 7.92208194732666e-01, 6.64531409740448e-01, 4.715768694877625e-01, 2.789017260074615e-01, 1.074758023023605e-01, 2.801323309540749e-02, 2.735282480716705e-02, 2.932625263929367e-02, 2.915238402783871e-02, 2.903316169977188e-02, 2.896355278789997e-02, 2.88933590054512e-02, 2.883876301348209e-02, 2.879428118467331e-02, 2.873361110687256e-02, 2.867036312818527e-02, 2.996589615941048e-02, 9.73655954003334e-02, 2.612377107143402e-01, 4.586335122585297e-01, 6.506335139274597e-01]
thermoFluid.conFlu.yOut=[0e+00, -8.5721755027771e-01, -8.473334312438965e-01, -8.366624712944031e-01, -8.350381255149841e-01, -7.978450655937195e-01, -6.585651636123657e-01, -4.513565003871916e-01, -2.505128085613251e-01, -7.66047015786171e-02, 2.697317861020565e-03, 3.359351074323058e-03, 1.57511024735868e-03, 1.75715668592602e-03, 1.78413582034409e-03, 1.779851620085537e-03, 1.779052661731839e-03, 1.777176861651242e-03, 1.774706062860787e-03, 1.77202292252332e-03, 1.768938731402159e-03, 3.290175227448344e-04, -6.750985234975815e-02, -2.330914437770844e-01, -4.341684579849243e-01, -6.309607625007629e-01, -7.773021459579468e-01, -8.272488713264465e-01, -8.240624666213989e-01, -8.222756385803223e-01, -8.207222819328308e-01, -8.19404661655426e-01, -8.184716105461121e-01, -8.18117082118988e-01, -8.181260824203491e-01, -8.181306719779968e-01, -8.181222081184387e-01, -8.180689811706543e-01, -8.179886341094971e-01, -8.179304003715515e-01, -8.178903460502625e-01, -8.178600072860718e-01, -8.121140003204346e-01, -7.276260256767273e-01, -5.488443970680237e-01, -3.484318256378174e-01, -1.528141796588898e-01, -2.401372976601124e-02, 6.90782954916358e-03, 2.305884379893541e-03, 1.996488776057959e-03, 2.104087499901652e-03, 2.107112901285291e-03, 2.101318677887321e-03, 2.073094015941024e-03, 2.030407078564167e-03, 1.992859411984682e-03, 1.972275786101818e-03, 1.980294240638614e-03, -2.078717947006226e-02, -1.382229328155518e-01, -3.342466652393341e-01, -5.325701236724854e-01, -7.162456512451172e-01, -8.118345737457275e-01, -8.200536966323853e-01, -8.178061842918396e-01, -8.178761005401611e-01, -8.178299069404602e-01, -8.177676796913147e-01, -8.177319169044495e-01, -8.177081942558289e-01, -8.176801204681396e-01, -8.176448941230774e-01, -8.176091313362122e-01, -8.175742030143738e-01, -8.17536473274231e-01, -8.174934983253479e-01, -8.174458146095276e-01, -8.173959255218506e-01, -7.818196415901184e-01, -6.479073166847229e-01, -4.470439553260803e-01, -2.488666027784348e-01, -7.507223635911942e-02, 3.998443484306335e-03, 4.520399495959282e-03, 2.698256401345134e-03, 2.890611067414284e-03, 2.918023848906159e-03, 2.90461559779942e-03, 2.896664664149284e-03, 2.88979965262115e-03, 2.884087152779102e-03, 2.879163017496467e-03, 2.873577177524567e-03, 1.431090873666108e-03, -6.641107052564621e-02, -2.319850474596024e-01, -4.330442845821381e-01, -6.300778985023499e-01]
thermoFluid.heaPum.conHeaPum.TSet=[3.231499938964844e+02, 3.145746765136719e+02, 3.146756591796875e+02, 3.147828674316406e+02, 3.147994079589844e+02, 3.151561889648438e+02, 3.1653076171875e+02, 3.185995788574219e+02, 3.2060986328125e+02, 3.223607482910156e+02, 3.231712646484375e+02, 3.231843872070312e+02, 3.23165771484375e+02, 3.231675415039062e+02, 3.231678466796875e+02, 3.231677856445312e+02, 3.231677856445312e+02, 3.231677856445312e+02, 3.231677551269531e+02, 3.23167724609375e+02, 3.231676940917969e+02, 3.231561279296875e+02, 3.224956665039062e+02, 3.208556518554688e+02, 3.188435363769531e+02, 3.168753967285156e+02, 3.153945922851562e+02, 3.148783264160156e+02, 3.149090270996094e+02, 3.149269714355469e+02, 3.149425354003906e+02, 3.149557495117188e+02, 3.149651794433594e+02, 3.149688110351562e+02, 3.1496875e+02, 3.149686889648438e+02, 3.149687805175781e+02, 3.149692993164062e+02, 3.149700927734375e+02, 3.149706726074219e+02, 3.149710998535156e+02, 3.149714050292969e+02, 3.150229797363281e+02, 3.158500671386719e+02, 3.176252136230469e+02, 3.196305847167969e+02, 3.21589599609375e+02, 3.228955383300781e+02, 3.232206115722656e+02, 3.231733703613281e+02, 3.23169921875e+02, 3.231710510253906e+02, 3.231710815429688e+02, 3.231710205078125e+02, 3.231707458496094e+02, 3.231703186035156e+02, 3.23169921875e+02, 3.231697387695312e+02, 3.231697998046875e+02, 3.229540100097656e+02, 3.217971801757812e+02, 3.198434143066406e+02, 3.178598327636719e+02, 3.160137023925781e+02, 3.150402221679688e+02, 3.149485473632812e+02, 3.149718017578125e+02, 3.149712524414062e+02, 3.149716796875e+02, 3.149723205566406e+02, 3.149726867675781e+02, 3.14972900390625e+02, 3.149732055664062e+02, 3.149735412597656e+02, 3.149739074707031e+02, 3.149742431640625e+02, 3.149746398925781e+02, 3.149750671386719e+02, 3.149755249023438e+02, 3.149760437011719e+02, 3.153169250488281e+02, 3.166386413574219e+02, 3.186437683105469e+02, 3.206263427734375e+02, 3.223761291503906e+02, 3.23184326171875e+02, 3.231960144042969e+02, 3.23177001953125e+02, 3.231788940429688e+02, 3.2317919921875e+02, 3.231790466308594e+02, 3.23178955078125e+02, 3.231788940429688e+02, 3.231788330078125e+02, 3.231788024902344e+02, 3.231787414550781e+02, 3.231671447753906e+02, 3.225066528320312e+02, 3.208667297363281e+02, 3.188546447753906e+02, 3.168843688964844e+02]
thermoFluid.heaPum.conHeaPum.TMin=[3.131499938964844e+02, 3.131499938964844e+02]
thermoFluid.heaPum.conHeaPum.TMax=[3.331499938964844e+02, 3.331499938964844e+02]
thermoFluid.heaPum.conHeaPum.T0=[3.231499938964844e+02, 3.231499938964844e+02]
EHeaPum.y=[0e+00, 5.1423578125e+04, 7.99045078125e+04, 1.086598203125e+05, 1.37501796875e+05, 1.66717734375e+05, 2.0212128125e+05, 3.005021562500002e+05, 4.7745821875e+05, 7.390380625e+05, 1.0559775e+06, 1.38116075e+06, 1.70462725e+06, 2.02884725e+06, 2.3535025e+06, 2.6782065e+06, 3.00270475e+06, 3.326883e+06, 3.65071975e+06, 3.97417425e+06, 4.2971735e+06, 4.619424e+06, 4.9164105e+06, 5.141857e+06, 5.2831985e+06, 5.354257e+06, 5.387433e+06, 5.416756e+06, 5.446025e+06, 5.475374e+06, 5.5047855e+06, 5.534249e+06, 5.565696e+06, 5.5995685e+06, 5.63401e+06, 5.668188e+06, 5.7034465e+06, 5.7463985e+06, 5.796035e+06, 5.8499625e+06, 5.907106e+06, 5.9666205e+06, 6.0288705e+06, 6.112752e+06, 6.250315e+06, 6.4609955e+06, 6.75102e+06, 7.1094725e+06, 7.4889845e+06, 7.858986e+06, 8.2263345e+06, 8.59454e+06, 8.963819e+06, 9.331167e+06, 9.693262e+06, 1.0049439e+07, 1.0401387e+07, 1.0751634e+07, 1.110519e+07, 1.1457313e+07, 1.1763665e+07, 1.1988643e+07, 1.2136819e+07, 1.2219595e+07, 1.2266085e+07, 1.2310614e+07, 1.2361798e+07, 1.2419828e+07, 1.2483826e+07, 1.2551961e+07, 1.2622402e+07, 1.2694729e+07, 1.276979e+07, 1.2847813e+07, 1.2928672e+07, 1.3012323e+07, 1.3099129e+07, 1.3189445e+07, 1.328354e+07, 1.3381444e+07, 1.3489702e+07, 1.3639325e+07, 1.3862725e+07, 1.4171429e+07, 1.4572412e+07, 1.5034901e+07, 1.5507572e+07, 1.5978748e+07, 1.6451098e+07, 1.6922786e+07, 1.7393504e+07, 1.7863322e+07, 1.8332306e+07, 1.8800692e+07, 1.9268456e+07, 1.9735474e+07, 2.020156e+07, 2.0642492e+07, 2.1008898e+07, 2.1285096e+07, 2.1485706e+07]
EPum.y=[0e+00, 1.4681404296875e+04, 2.9483541015625e+04, 4.42856796875e+04, 5.908781640625e+04, 7.3889953125e+04, 8.86953046875e+04, 1.03559171875e+05, 1.185554453125e+05, 1.337455625e+05, 1.49067234375e+05, 1.64395984375e+05, 1.79720203125e+05, 1.950476875e+05, 2.1037678125e+05, 2.25706046875e+05, 2.410345e+05, 2.5636171875e+05, 2.71687625e+05, 2.8701203125e+05, 3.023346875e+05, 3.176544375e+05, 3.3289434375e+05, 3.4795546875e+05, 3.6286353125e+05, 3.7769384375e+05, 3.9249771875e+05, 4.07299875e+05, 4.221020000000001e+05, 4.36904125e+05, 4.5170628125e+05, 4.6650840625e+05, 4.8131165625e+05, 4.9611625e+05, 5.109212187500001e+05, 5.257259999999999e+05, 5.405315625e+05, 5.553425e+05, 5.70159125e+05, 5.849798125e+05, 5.99803875e+05, 6.146305e+05, 6.29460375e+05, 6.4432e+05, 6.59283875e+05, 6.7442825e+05, 6.897926875e+05, 7.05340625e+05, 7.2091275e+05, 7.364329375e+05, 7.519429375e+05, 7.67457e+05, 7.82975875e+05, 7.9848575e+05, 8.139715625e+05, 8.294309375000001e+05, 8.448719375000001e+05, 8.603056874999999e+05, 8.757539375e+05, 8.91198625e+05, 9.064979375e+05, 9.2158925e+05, 9.365283125e+05, 9.51374125e+05, 9.66191375e+05, 9.810044375e+05, 9.958225e+05, 1.0106475625e+06, 1.0254795625e+06, 1.0403169375e+06, 1.0551575e+06, 1.07000075e+06, 1.08484825e+06, 1.099700375e+06, 1.11455725e+06, 1.129419e+06, 1.144286625e+06, 1.15916125e+06, 1.17404375e+06, 1.18893475e+06, 1.203850375e+06, 1.21887725e+06, 1.234136625e+06, 1.249684875e+06, 1.26557375e+06, 1.281677e+06, 1.297784875e+06, 1.313887875e+06, 1.329999875e+06, 1.346107125e+06, 1.3622075e+06, 1.378301625e+06, 1.394390125e+06, 1.410474375e+06, 1.4265545e+06, 1.442629375e+06, 1.458697875e+06, 1.47463375e+06, 1.49026475e+06, 1.5056065e+06, 1.5207405e+06]
