last-generated=2022-03-29
statistics-initialization=
{
  "linear": "9",
  "nonlinear": "18",
  "numerical Jacobians": "0"
}
statistics-simulation=
{
  "linear": "11, 0",
  "nonlinear": "15",
  "number of continuous time states": "8",
  "numerical Jacobians": "0"
}
time=[0e+00, 8.64e+04]
ele.senLoa.y=[-2.500373125076294e-01, -2.232585549354553e-01, -2.232585549354553e-01, -2.232585549354553e-01, -2.232585549354553e-01, -2.232585549354553e-01, -2.232585549354553e-01, -2.232585549354553e-01, -2.232585549354553e-01, -2.232585549354553e-01, -2.232585549354553e-01, -2.232585549354553e-01, -2.232585549354553e-01, -2.232585549354553e-01, -2.232585549354553e-01, -2.232585549354553e-01, -2.232585549354553e-01, -2.232585549354553e-01, -2.232585549354553e-01, -2.232585549354553e-01, -2.232585549354553e-01, -2.158063650131226e-01, -2.229933887720108e-01, -2.232585549354553e-01, -2.232585549354553e-01, -2.232585549354553e-01, -2.232585549354553e-01, -2.232585549354553e-01, -2.23035454750061e-01, -2.214039862155914e-01, -2.168286293745041e-01, -2.069853246212006e-01, -1.822535991668701e-01, -1.252264976501465e-01, -4.647550731897319e-02, 3.97856198251243e-02, 1.058640480041504e-01, 1.680067032575607e-01, 2.280519753694534e-01, 2.836304605007172e-01, 3.463463485240936e-01, 3.915254473686218e-01, 4.305518567562103e-01, 4.609149694442749e-01, 4.800799190998077e-01, 4.874561131000519e-01, 4.706217646598816e-01, 4.665266275405884e-01, 4.646899104118347e-01, 4.648003578186035e-01, 4.640105366706848e-01, 4.62395578622818e-01, 4.600021243095398e-01, 4.568822383880615e-01, 4.528218805789948e-01, 4.474470317363738e-01, 4.403807520866393e-01, 4.346292912960052e-01, 4.337759017944336e-01, 4.303496479988098e-01, 4.176022410392761e-01, 3.892301917076111e-01, 3.412797451019287e-01, 2.70180732011795e-01, 2.031386196613312e-01, 1.291907280683517e-01, 8.959160186350346e-03, -1.092556193470955e-01, -1.828818023204807e-01, -2.015498727560043e-01, -2.067210376262664e-01, -2.188625335693359e-01, -2.232585549354553e-01, -2.232585549354553e-01, -2.232585549354553e-01, -2.232585549354553e-01, -2.232585549354553e-01, -2.232585549354553e-01, -2.232585549354553e-01, -2.232585549354553e-01, -2.232585549354553e-01, -2.232585549354553e-01, -2.232585549354553e-01, -2.232585549354553e-01, -2.232585549354553e-01, -2.232585549354553e-01, -2.232585549354553e-01, -2.232585549354553e-01, -2.232585549354553e-01, -2.232585549354553e-01, -2.232585549354553e-01, -2.232585549354553e-01, -2.232585549354553e-01, -2.232585549354553e-01, -2.232585549354553e-01, -2.232585549354553e-01, -2.232585549354553e-01, -2.232585549354553e-01, -2.232585549354553e-01, -2.232585549354553e-01, -2.232585549354553e-01]
ele.senBat.y=[-2.483860701322556e-01, -2.214332222938538e-01, -2.214332222938538e-01, -2.214332222938538e-01, -2.214332222938538e-01, -2.214332222938538e-01, -2.214332222938538e-01, -2.214332222938538e-01, -2.214332222938538e-01, -2.214332222938538e-01, -2.214332222938538e-01, -2.214332222938538e-01, -2.214332222938538e-01, -2.214332222938538e-01, -2.214332222938538e-01, -2.214332222938538e-01, -2.214332222938538e-01, -2.214332222938538e-01, -2.214332222938538e-01, -2.214332222938538e-01, -2.214332222938538e-01, -2.139817327260971e-01, -2.211680859327316e-01, -2.214332222938538e-01, -2.214332222938538e-01, -2.214332222938538e-01, -2.214332222938538e-01, -2.214332222938538e-01, -2.21210315823555e-01, -2.19580352306366e-01, -2.150091826915741e-01, -2.051749229431152e-01, -1.804657429456711e-01, -1.234909147024155e-01, -4.481206089258159e-02, 4.137102141976312e-02, 1.07388898730278e-01, 1.69475719332695e-01, 2.294673472642899e-01, 2.849963903427124e-01, 3.476568460464478e-01, 3.927962183952332e-01, 4.317884147167206e-01, 4.621249139308929e-01, 4.812730550765991e-01, 4.886473417282104e-01, 4.718228876590729e-01, 4.677312970161438e-01, 4.658962190151215e-01, 4.660065770149231e-01, 4.652174115180969e-01, 4.636038541793823e-01, 4.612124562263489e-01, 4.580952823162079e-01, 4.540384709835052e-01, 4.486682415008544e-01, 4.416081309318542e-01, 4.358618557453156e-01, 4.350091218948364e-01, 4.315857887268066e-01, 4.188493192195892e-01, 3.905016481876373e-01, 3.425932228565216e-01, 2.715538442134857e-01, 2.045743763446808e-01, 1.306922435760498e-01, 1.056831702589989e-02, -1.075372919440269e-01, -1.810947209596638e-01, -1.997446715831757e-01, -2.049112170934677e-01, -2.170415371656418e-01, -2.214332222938538e-01, -2.214332222938538e-01, -2.214332222938538e-01, -2.214332222938538e-01, -2.214332222938538e-01, -2.214332222938538e-01, -2.214332222938538e-01, -2.214332222938538e-01, -2.214332222938538e-01, -2.214332222938538e-01, -2.214332222938538e-01, -2.214332222938538e-01, -2.214332222938538e-01, -2.214332222938538e-01, -2.214332222938538e-01, -2.214332222938538e-01, -2.214332222938538e-01, -2.214332222938538e-01, -2.214332222938538e-01, -2.214332222938538e-01, -2.214332222938538e-01, -2.214332222938538e-01, -2.214332222938538e-01, -2.214332222938538e-01, -2.214332222938538e-01, -2.214332222938538e-01, -2.214332222938538e-01, -2.214332222938538e-01, -2.214332222938538e-01]
ele.senPV.y=[-2.483860701322556e-01, -2.216095477342606e-01, -2.216095477342606e-01, -2.216095477342606e-01, -2.216095477342606e-01, -2.216095477342606e-01, -2.216095477342606e-01, -2.216095477342606e-01, -2.216095477342606e-01, -2.216095477342606e-01, -2.216095477342606e-01, -2.216095477342606e-01, -2.216095477342606e-01, -2.216095477342606e-01, -2.216095477342606e-01, -2.216095477342606e-01, -2.216095477342606e-01, -2.216095477342606e-01, -2.216095477342606e-01, -2.216095477342606e-01, -2.216095477342606e-01, -2.141579985618591e-01, -2.213444262742996e-01, -2.216095477342606e-01, -2.216095477342606e-01, -2.216095477342606e-01, -2.216095477342606e-01, -2.216095477342606e-01, -2.213368266820908e-01, -2.193411588668823e-01, -2.137433439493179e-01, -2.016995400190353e-01, -1.71443298459053e-01, -1.016567796468735e-01, -5.261083599179555e-03, 1.003336757421488e-01, 1.812704652547836e-01, 2.573727369308472e-01, 3.309162259101868e-01, 3.989981412887573e-01, 4.758308529853821e-01, 5.311861634254456e-01, 5.790085792541504e-01, 6.162195205688477e-01, 6.397109031677246e-01, 6.486130952835083e-01, 6.281274557113647e-01, 6.231088042259216e-01, 6.20856761932373e-01, 6.209923624992371e-01, 6.200248003005981e-01, 6.180461049079895e-01, 6.151139736175537e-01, 6.11290454864502e-01, 6.063154935836792e-01, 5.99729835987091e-01, 5.910716056823729e-01, 5.840184688568115e-01, 5.82975447177887e-01, 5.787795782089233e-01, 5.631651282310486e-01, 5.284148454666138e-01, 4.696694016456604e-01, 3.826672732830048e-01, 3.004572987556458e-01, 2.099072635173798e-01, 6.271893531084061e-02, -8.457328379154205e-02, -1.766433119773869e-01, -1.999026834964752e-01, -2.050734162330627e-01, -2.17213898897171e-01, -2.216095477342606e-01, -2.216095477342606e-01, -2.216095477342606e-01, -2.216095477342606e-01, -2.216095477342606e-01, -2.216095477342606e-01, -2.216095477342606e-01, -2.216095477342606e-01, -2.216095477342606e-01, -2.216095477342606e-01, -2.216095477342606e-01, -2.216095477342606e-01, -2.216095477342606e-01, -2.216095477342606e-01, -2.216095477342606e-01, -2.216095477342606e-01, -2.216095477342606e-01, -2.216095477342606e-01, -2.216095477342606e-01, -2.216095477342606e-01, -2.216095477342606e-01, -2.216095477342606e-01, -2.216095477342606e-01, -2.216095477342606e-01, -2.216095477342606e-01, -2.216095477342606e-01, -2.216095477342606e-01, -2.216095477342606e-01, -2.216095477342606e-01]
ele.senWin.y=[-2.483860701322556e-01, -2.216095477342606e-01, -2.216095477342606e-01, -2.216095477342606e-01, -2.216095477342606e-01, -2.216095477342606e-01, -2.216095477342606e-01, -2.216095477342606e-01, -2.216095477342606e-01, -2.216095477342606e-01, -2.216095477342606e-01, -2.216095477342606e-01, -2.216095477342606e-01, -2.216095477342606e-01, -2.216095477342606e-01, -2.216095477342606e-01, -2.216095477342606e-01, -2.216095477342606e-01, -2.216095477342606e-01, -2.216095477342606e-01, -2.216095477342606e-01, -2.126791477203369e-01, -2.212918102741241e-01, -2.216095477342606e-01, -2.216095477342606e-01, -2.216095477342606e-01, -2.216095477342606e-01, -2.216095477342606e-01, -2.213864773511887e-01, -2.19755157828331e-01, -2.151801735162735e-01, -2.053376734256744e-01, -1.806080192327499e-01, -1.235856339335442e-01, -4.484112188219989e-02, 4.14129681885238e-02, 1.074860468506813e-01, 1.696237027645111e-01, 2.296641767024994e-01, 2.852382361888885e-01, 3.479491770267487e-01, 3.931247293949127e-01, 4.321480989456177e-01, 4.625088274478912e-01, 4.816722869873047e-01, 4.890479147434235e-01, 4.722148776054382e-01, 4.681200385093689e-01, 4.662834703922272e-01, 4.66393917798996e-01, 4.656041264533997e-01, 4.639893174171448e-01, 4.615960419178009e-01, 4.584763944149017e-01, 4.544163644313812e-01, 4.490419328212737e-01, 4.419762194156646e-01, 4.362252056598663e-01, 4.353718757629395e-01, 4.319458901882172e-01, 4.191994667053223e-01, 3.908296525478363e-01, 3.428829610347748e-01, 2.717896103858948e-01, 2.047528177499771e-01, 1.308108568191528e-01, 1.058901567012072e-02, -1.05078361928463e-01, -1.76770240068436e-01, -1.950484663248062e-01, -2.013704925775527e-01, -2.162231057882309e-01, -2.216095477342606e-01, -2.216095477342606e-01, -2.216095477342606e-01, -2.216095477342606e-01, -2.216095477342606e-01, -2.216095477342606e-01, -2.216095477342606e-01, -2.216095477342606e-01, -2.216095477342606e-01, -2.216095477342606e-01, -2.216095477342606e-01, -2.216095477342606e-01, -2.216095477342606e-01, -2.216095477342606e-01, -2.216095477342606e-01, -2.216095477342606e-01, -2.216095477342606e-01, -2.216095477342606e-01, -2.216095477342606e-01, -2.216095477342606e-01, -2.216095477342606e-01, -2.216095477342606e-01, -2.216095477342606e-01, -2.216095477342606e-01, -2.216095477342606e-01, -2.216095477342606e-01, -2.216095477342606e-01, -2.216095477342606e-01, -2.216095477342606e-01]
ele.bat.SOC=[5e-01, 4.993598759174347e-01, 4.987152516841888e-01, 4.98070627450943e-01, 4.974260032176971e-01, 4.967814087867737e-01, 4.961367845535278e-01, 4.95492160320282e-01, 4.948475360870361e-01, 4.942029118537903e-01, 4.935582876205444e-01, 4.929136633872986e-01, 4.922690391540527e-01, 4.916244149208069e-01, 4.90979790687561e-01, 4.903351664543152e-01, 4.896905422210693e-01, 4.890459179878235e-01, 4.884012937545776e-01, 4.877566695213318e-01, 4.871120452880859e-01, 4.864674210548401e-01, 4.858227968215942e-01, 4.851781725883484e-01, 4.845335483551025e-01, 4.838889241218567e-01, 4.832442998886108e-01, 4.82599675655365e-01, 4.819552004337311e-01, 4.813131392002106e-01, 4.806800186634064e-01, 4.800679385662079e-01, 4.795017838478088e-01, 4.790593981742859e-01, 4.788289666175842e-01, 4.788345396518707e-01, 4.790113866329193e-01, 4.793170094490051e-01, 4.79748547077179e-01, 4.802993535995483e-01, 4.809678196907043e-01, 4.81751024723053e-01, 4.826212823390961e-01, 4.83563631772995e-01, 4.845575392246246e-01, 4.855778813362122e-01, 4.865756630897522e-01, 4.875644743442535e-01, 4.885464012622833e-01, 4.895271956920624e-01, 4.905073940753937e-01, 4.914851486682892e-01, 4.924588203430176e-01, 4.934268891811371e-01, 4.943875968456268e-01, 4.953387975692749e-01, 4.962774813175201e-01, 4.972013235092163e-01, 4.98119056224823e-01, 4.990338683128357e-01, 4.999332129955292e-01, 5.007928609848022e-01, 5.015740394592285e-01, 5.022419691085815e-01, 5.027570724487305e-01, 5.031323432922363e-01, 5.033129453659058e-01, 5.0318843126297e-01, 5.027714371681213e-01, 5.022093653678894e-01, 5.016253590583801e-01, 5.010153651237488e-01, 5.003727078437805e-01, 4.997280836105347e-01, 4.990834593772888e-01, 4.98438835144043e-01, 4.977942109107971e-01, 4.971495866775513e-01, 4.965049624443054e-01, 4.958603382110596e-01, 4.952157139778137e-01, 4.945710897445679e-01, 4.93926465511322e-01, 4.932818412780762e-01, 4.926372170448303e-01, 4.919926226139069e-01, 4.91347998380661e-01, 4.907033741474152e-01, 4.900587499141693e-01, 4.894141256809235e-01, 4.887695014476776e-01, 4.881248772144318e-01, 4.874802529811859e-01, 4.868356287479401e-01, 4.861910045146942e-01, 4.855463802814484e-01, 4.849017560482025e-01, 4.842571318149567e-01, 4.836125075817108e-01, 4.82967883348465e-01, 4.823232591152191e-01]
ele.senLoa.terminal.v[1]=[4.739823608398438e+02, 4.746248168945312e+02, 4.746248168945312e+02, 4.746248168945312e+02, 4.746248168945312e+02, 4.746248168945312e+02, 4.746248168945312e+02, 4.746248168945312e+02, 4.746248168945312e+02, 4.746248168945312e+02, 4.746248168945312e+02, 4.746248168945312e+02, 4.746248168945312e+02, 4.746248168945312e+02, 4.746248168945312e+02, 4.746248168945312e+02, 4.746248168945312e+02, 4.746248168945312e+02, 4.746248168945312e+02, 4.746248168945312e+02, 4.746248168945312e+02, 4.748030395507812e+02, 4.746311645507812e+02, 4.746248168945312e+02, 4.746248168945312e+02, 4.746248168945312e+02, 4.746248168945312e+02, 4.746248168945312e+02, 4.74630126953125e+02, 4.746690979003906e+02, 4.747783508300781e+02, 4.750133361816406e+02, 4.756036071777344e+02, 4.769635925292969e+02, 4.788392333984375e+02, 4.808904418945312e+02, 4.824593200683594e+02, 4.839328308105469e+02, 4.853548583984375e+02, 4.866694946289062e+02, 4.881510925292969e+02, 4.892171630859375e+02, 4.901371765136719e+02, 4.908524475097656e+02, 4.913036499023438e+02, 4.914775085449219e+02, 4.910809631347656e+02, 4.909845581054688e+02, 4.909413146972656e+02, 4.909439086914062e+02, 4.909253234863281e+02, 4.908872680664062e+02, 4.908309020996094e+02, 4.907574462890625e+02, 4.906618041992188e+02, 4.905352172851562e+02, 4.903687438964844e+02, 4.902332458496094e+02, 4.90213134765625e+02, 4.901323852539062e+02, 4.898319396972656e+02, 4.891629333496094e+02, 4.880314025878906e+02, 4.863512878417969e+02, 4.847649841308594e+02, 4.830125732421875e+02, 4.801576843261719e+02, 4.773446044921875e+02, 4.755892333984375e+02, 4.751437683105469e+02, 4.750201416015625e+02, 4.747299194335938e+02, 4.746248168945312e+02, 4.746248168945312e+02, 4.746248168945312e+02, 4.746248168945312e+02, 4.746248168945312e+02, 4.746248168945312e+02, 4.746248168945312e+02, 4.746248168945312e+02, 4.746248168945312e+02, 4.746248168945312e+02, 4.746248168945312e+02, 4.746248168945312e+02, 4.746248168945312e+02, 4.746248168945312e+02, 4.746248168945312e+02, 4.746248168945312e+02, 4.746248168945312e+02, 4.746248168945312e+02, 4.746248168945312e+02, 4.746248168945312e+02, 4.746248168945312e+02, 4.746248168945312e+02, 4.746248168945312e+02, 4.746248168945312e+02, 4.746248168945312e+02, 4.746248168945312e+02, 4.746248168945312e+02, 4.746248168945312e+02, 4.746248168945312e+02]
ele.senBat.terminal.v[1]=[4.74022216796875e+02, 4.746688537597656e+02, 4.746688537597656e+02, 4.746688537597656e+02, 4.746688537597656e+02, 4.746688537597656e+02, 4.746688537597656e+02, 4.746688537597656e+02, 4.746688537597656e+02, 4.746688537597656e+02, 4.746688537597656e+02, 4.746688537597656e+02, 4.746688537597656e+02, 4.746688537597656e+02, 4.746688537597656e+02, 4.746688537597656e+02, 4.746688537597656e+02, 4.746688537597656e+02, 4.746688537597656e+02, 4.746688537597656e+02, 4.746688537597656e+02, 4.748470458984375e+02, 4.746751708984375e+02, 4.746688537597656e+02, 4.746688537597656e+02, 4.746688537597656e+02, 4.746688537597656e+02, 4.746688537597656e+02, 4.746741638183594e+02, 4.747130737304688e+02, 4.748222351074219e+02, 4.750570373535156e+02, 4.756467590332031e+02, 4.770055541992188e+02, 4.788795166015625e+02, 4.809289245605469e+02, 4.824963684082031e+02, 4.839686279296875e+02, 4.85389404296875e+02, 4.86702880859375e+02, 4.881831970214844e+02, 4.892483520507812e+02, 4.901676025390625e+02, 4.908822326660156e+02, 4.913330383300781e+02, 4.915068664550781e+02, 4.911105651855469e+02, 4.910142211914062e+02, 4.909710083007812e+02, 4.909736022949219e+02, 4.909550170898438e+02, 4.909170227050781e+02, 4.908607177734375e+02, 4.907872924804688e+02, 4.906917419433594e+02, 4.905652465820312e+02, 4.9039892578125e+02, 4.902635498046875e+02, 4.902434692382812e+02, 4.901627807617188e+02, 4.898626098632812e+02, 4.891941528320312e+02, 4.880635681152344e+02, 4.863848571777344e+02, 4.847999877929688e+02, 4.830491027832031e+02, 4.801967163085938e+02, 4.773861694335938e+02, 4.756323852539062e+02, 4.751873168945312e+02, 4.750638122558594e+02, 4.747738342285156e+02, 4.746688537597656e+02, 4.746688537597656e+02, 4.746688537597656e+02, 4.746688537597656e+02, 4.746688537597656e+02, 4.746688537597656e+02, 4.746688537597656e+02, 4.746688537597656e+02, 4.746688537597656e+02, 4.746688537597656e+02, 4.746688537597656e+02, 4.746688537597656e+02, 4.746688537597656e+02, 4.746688537597656e+02, 4.746688537597656e+02, 4.746688537597656e+02, 4.746688537597656e+02, 4.746688537597656e+02, 4.746688537597656e+02, 4.746688537597656e+02, 4.746688537597656e+02, 4.746688537597656e+02, 4.746688537597656e+02, 4.746688537597656e+02, 4.746688537597656e+02, 4.746688537597656e+02, 4.746688537597656e+02, 4.746688537597656e+02, 4.746688537597656e+02]
ele.senPV.terminal.v[1]=[4.74022216796875e+02, 4.746646118164062e+02, 4.746646118164062e+02, 4.746646118164062e+02, 4.746646118164062e+02, 4.746646118164062e+02, 4.746646118164062e+02, 4.746646118164062e+02, 4.746646118164062e+02, 4.746646118164062e+02, 4.746646118164062e+02, 4.746646118164062e+02, 4.746646118164062e+02, 4.746646118164062e+02, 4.746646118164062e+02, 4.746646118164062e+02, 4.746646118164062e+02, 4.746646118164062e+02, 4.746646118164062e+02, 4.746646118164062e+02, 4.746646118164062e+02, 4.748428344726562e+02, 4.746709594726562e+02, 4.746646118164062e+02, 4.746646118164062e+02, 4.746646118164062e+02, 4.746646118164062e+02, 4.746646118164062e+02, 4.746711120605469e+02, 4.747187805175781e+02, 4.748524475097656e+02, 4.751400146484375e+02, 4.758621215820312e+02, 4.775261840820312e+02, 4.798211975097656e+02, 4.823305053710938e+02, 4.842503967285156e+02, 4.860528869628906e+02, 4.87792236328125e+02, 4.894001159667969e+02, 4.912120056152344e+02, 4.92515625e+02, 4.936406555175781e+02, 4.945152587890625e+02, 4.950670166015625e+02, 4.952763671875e+02, 4.947949523925781e+02, 4.946770629882812e+02, 4.946241760253906e+02, 4.946273498535156e+02, 4.946046142578125e+02, 4.945581359863281e+02, 4.944892578125e+02, 4.943994140625e+02, 4.942825012207031e+02, 4.941277160644531e+02, 4.939242248535156e+02, 4.937584228515625e+02, 4.9373388671875e+02, 4.936352233886719e+02, 4.932680053710938e+02, 4.924503173828125e+02, 4.910667114257812e+02, 4.89014404296875e+02, 4.870720825195312e+02, 4.849288940429688e+02, 4.814371032714844e+02, 4.7793359375e+02, 4.757386474609375e+02, 4.751835327148438e+02, 4.750599365234375e+02, 4.747696838378906e+02, 4.746646118164062e+02, 4.746646118164062e+02, 4.746646118164062e+02, 4.746646118164062e+02, 4.746646118164062e+02, 4.746646118164062e+02, 4.746646118164062e+02, 4.746646118164062e+02, 4.746646118164062e+02, 4.746646118164062e+02, 4.746646118164062e+02, 4.746646118164062e+02, 4.746646118164062e+02, 4.746646118164062e+02, 4.746646118164062e+02, 4.746646118164062e+02, 4.746646118164062e+02, 4.746646118164062e+02, 4.746646118164062e+02, 4.746646118164062e+02, 4.746646118164062e+02, 4.746646118164062e+02, 4.746646118164062e+02, 4.746646118164062e+02, 4.746646118164062e+02, 4.746646118164062e+02, 4.746646118164062e+02, 4.746646118164062e+02, 4.746646118164062e+02]
ele.senWin.terminal.v[1]=[4.74022216796875e+02, 4.746646118164062e+02, 4.746646118164062e+02, 4.746646118164062e+02, 4.746646118164062e+02, 4.746646118164062e+02, 4.746646118164062e+02, 4.746646118164062e+02, 4.746646118164062e+02, 4.746646118164062e+02, 4.746646118164062e+02, 4.746646118164062e+02, 4.746646118164062e+02, 4.746646118164062e+02, 4.746646118164062e+02, 4.746646118164062e+02, 4.746646118164062e+02, 4.746646118164062e+02, 4.746646118164062e+02, 4.746646118164062e+02, 4.746646118164062e+02, 4.748782043457031e+02, 4.746722106933594e+02, 4.746646118164062e+02, 4.746646118164062e+02, 4.746646118164062e+02, 4.746646118164062e+02, 4.746646118164062e+02, 4.746699523925781e+02, 4.747088928222656e+02, 4.748181457519531e+02, 4.750531311035156e+02, 4.756433410644531e+02, 4.770032653808594e+02, 4.788788146972656e+02, 4.809299011230469e+02, 4.824987182617188e+02, 4.8397216796875e+02, 4.853941040039062e+02, 4.867086791992188e+02, 4.881902160644531e+02, 4.892562255859375e+02, 4.901762084960938e+02, 4.908914184570312e+02, 4.913426208496094e+02, 4.915164794921875e+02, 4.911199340820312e+02, 4.910235290527344e+02, 4.909802856445312e+02, 4.909828796386719e+02, 4.909642944335938e+02, 4.9092626953125e+02, 4.908699035644531e+02, 4.907964477539062e+02, 4.907008056640625e+02, 4.9057421875e+02, 4.904077453613281e+02, 4.902722473144531e+02, 4.902521362304688e+02, 4.901714172363281e+02, 4.898709716796875e+02, 4.892020263671875e+02, 4.880705261230469e+02, 4.863905029296875e+02, 4.848042907714844e+02, 4.830519409179688e+02, 4.801972045898438e+02, 4.774448852539062e+02, 4.757357482910156e+02, 4.752995910644531e+02, 4.751484680175781e+02, 4.747933959960938e+02, 4.746646118164062e+02, 4.746646118164062e+02, 4.746646118164062e+02, 4.746646118164062e+02, 4.746646118164062e+02, 4.746646118164062e+02, 4.746646118164062e+02, 4.746646118164062e+02, 4.746646118164062e+02, 4.746646118164062e+02, 4.746646118164062e+02, 4.746646118164062e+02, 4.746646118164062e+02, 4.746646118164062e+02, 4.746646118164062e+02, 4.746646118164062e+02, 4.746646118164062e+02, 4.746646118164062e+02, 4.746646118164062e+02, 4.746646118164062e+02, 4.746646118164062e+02, 4.746646118164062e+02, 4.746646118164062e+02, 4.746646118164062e+02, 4.746646118164062e+02, 4.746646118164062e+02, 4.746646118164062e+02, 4.746646118164062e+02, 4.746646118164062e+02]
ele.bat.P=[3.009265538105056e-36, -1.109888610839844e+02, -1.109888610839844e+02, -1.109888610839844e+02, -1.109888610839844e+02, -1.109888610839844e+02, -1.109888610839844e+02, -1.109888610839844e+02, -1.109888610839844e+02, -1.109888610839844e+02, -1.109888610839844e+02, -1.109888610839844e+02, -1.109888610839844e+02, -1.109888610839844e+02, -1.109888610839844e+02, -1.109888610839844e+02, -1.109888610839844e+02, -1.109888610839844e+02, -1.109888610839844e+02, -1.109888610839844e+02, -1.109888610839844e+02, -1.109888610839844e+02, -1.109888610839844e+02, -1.109888610839844e+02, -1.109888610839844e+02, -1.109888610839844e+02, -1.109888610839844e+02, -1.109888610839844e+02, -1.108773880004883e+02, -1.100364151000977e+02, -1.076566390991211e+02, -1.025232772827148e+02, -8.973406219482422e+01, -5.991302108764648e+01, -1.845618438720685e+01, 2.675389099121071e+01, 6.216331100463867e+01, 9.498042297363281e+01, 1.267134857177734e+02, 1.561208648681641e+02, 1.892770690917969e+02, 2.131777801513672e+02, 2.338553314208984e+02, 2.499799346923828e+02, 2.602198791503906e+02, 2.611854553222656e+02, 2.553790588378906e+02, 2.532112884521484e+02, 2.522144012451172e+02, 2.522778625488281e+02, 2.518687286376953e+02, 2.510217742919922e+02, 2.497771301269531e+02, 2.481216888427734e+02, 2.459921112060547e+02, 2.431687622070312e+02, 2.394511413574218e+02, 2.362974700927735e+02, 2.359044189453125e+02, 2.341477661132812e+02, 2.2753125e+02, 2.128369293212891e+02, 1.875751495361328e+02, 1.520867462158203e+02, 1.147328872680664e+02, 7.598403167724609e+01, 1.318086624145508e+01, -4.987345123291016e+01, -8.921544647216815e+01, -9.956163787841797e+01, -1.021785507202148e+02, -1.085112152099609e+02, -1.109888610839844e+02, -1.109888610839844e+02, -1.109888610839844e+02, -1.109888610839844e+02, -1.109888610839844e+02, -1.109888610839844e+02, -1.109888610839844e+02, -1.109888610839844e+02, -1.109888610839844e+02, -1.109888610839844e+02, -1.109888610839844e+02, -1.109888610839844e+02, -1.109888610839844e+02, -1.109888610839844e+02, -1.109888610839844e+02, -1.109888610839844e+02, -1.109888610839844e+02, -1.109888610839844e+02, -1.109888610839844e+02, -1.109888610839844e+02, -1.109888610839844e+02, -1.109888610839844e+02, -1.109888610839844e+02, -1.109888610839844e+02, -1.109888610839844e+02, -1.109888610839844e+02, -1.109888610839844e+02, -1.109888610839844e+02, -1.109888610839844e+02]
ele.linGri.terminal_n.i[1]=[2.122931957244873e+00, 1.886336326599121e+00, 1.886336326599121e+00, 1.886336326599121e+00, 1.886336326599121e+00, 1.886336326599121e+00, 1.886336326599121e+00, 1.886336326599121e+00, 1.886336326599121e+00, 1.886336326599121e+00, 1.886336326599121e+00, 1.886336326599121e+00, 1.886336326599121e+00, 1.886336326599121e+00, 1.886336326599121e+00, 1.886336326599121e+00, 1.886336326599121e+00, 1.886336326599121e+00, 1.886336326599121e+00, 1.886336326599121e+00, 1.886336326599121e+00, 1.81949245929718e+00, 1.883957862854004e+00, 1.886336326599121e+00, 1.886336326599121e+00, 1.886336326599121e+00, 1.886336326599121e+00, 1.886336326599121e+00, 1.88431990146637e+00, 1.869573831558228e+00, 1.828219771385193e+00, 1.739259958267212e+00, 1.515803456306458e+00, 1.000834107398987e+00, 2.903749942779509e-01, -4.868844151496847e-01, -1.081628680229187e+00, -1.640376567840576e+00, -2.179746150970459e+00, -2.678529024124146e+00, -3.240818977355957e+00, -3.645516395568848e+00, -3.994852304458618e+00, -4.2664794921875e+00, -4.437856674194336e+00, -4.503736019134521e+00, -4.353291988372803e+00, -4.316671371459961e+00, -4.300245761871338e+00, -4.301233291625977e+00, -4.294169902801514e+00, -4.279727458953857e+00, -4.258321762084961e+00, -4.230417728424072e+00, -4.194100379943848e+00, -4.146021366119384e+00, -4.082805633544921e+00, -4.031343460083008e+00, -4.023709297180176e+00, -3.993052244186401e+00, -3.878975629806519e+00, -3.624985694885254e+00, -3.195441246032715e+00, -2.557956218719482e+00, -1.956055998802185e+00, -1.291481018066406e+00, -2.093313932418823e-01, 8.571766018867493e-01, 1.522463440895084e+00, 1.691256999969482e+00, 1.737719893455505e+00, 1.846824645996094e+00, 1.886336326599121e+00, 1.886336326599121e+00, 1.886336326599121e+00, 1.886336326599121e+00, 1.886336326599121e+00, 1.886336326599121e+00, 1.886336326599121e+00, 1.886336326599121e+00, 1.886336326599121e+00, 1.886336326599121e+00, 1.886336326599121e+00, 1.886336326599121e+00, 1.886336326599121e+00, 1.886336326599121e+00, 1.886336326599121e+00, 1.886336326599121e+00, 1.886336326599121e+00, 1.886336326599121e+00, 1.886336326599121e+00, 1.886336326599121e+00, 1.886336326599121e+00, 1.886336326599121e+00, 1.886336326599121e+00, 1.886336326599121e+00, 1.886336326599121e+00, 1.886336326599121e+00, 1.886336326599121e+00, 1.886336326599121e+00, 1.886336326599121e+00]
ele.linWin.terminal_n.i[1]=[0e+00, 0e+00, 0e+00, 0e+00, 0e+00, 0e+00, 0e+00, 0e+00, 0e+00, 0e+00, 0e+00, 0e+00, 0e+00, 0e+00, 0e+00, 0e+00, 0e+00, 0e+00, 0e+00, 0e+00, 0e+00, 6.637167185544968e-02, 2.361583756282926e-03, 0e+00, 0e+00, 0e+00, 0e+00, 0e+00, 0e+00, 0e+00, 0e+00, 0e+00, 0e+00, 0e+00, 0e+00, 0e+00, 0e+00, 0e+00, 0e+00, 0e+00, 0e+00, 0e+00, 0e+00, 0e+00, 0e+00, 0e+00, 0e+00, 0e+00, 0e+00, 0e+00, 0e+00, 0e+00, 0e+00, 0e+00, 0e+00, 0e+00, 0e+00, 0e+00, 0e+00, 0e+00, 0e+00, 0e+00, 0e+00, 0e+00, 0e+00, 0e+00, 0e+00, 1.137578338384628e-01, 2.003631740808491e-01, 2.178296893835069e-01, 1.661739796400077e-01, 4.446834325790405e-02, 0e+00, 0e+00, 0e+00, 0e+00, 0e+00, 0e+00, 0e+00, 0e+00, 0e+00, 0e+00, 0e+00, 0e+00, 0e+00, 0e+00, 0e+00, 0e+00, 0e+00, 0e+00, 0e+00, 0e+00, 0e+00, 0e+00, 0e+00, 0e+00, 0e+00, 0e+00, 0e+00, 0e+00, 0e+00]
ele.linPV.terminal_n.i[1]=[0e+00, 0e+00, 0e+00, 0e+00, 0e+00, 0e+00, 0e+00, 0e+00, 0e+00, 0e+00, 0e+00, 0e+00, 0e+00, 0e+00, 0e+00, 0e+00, 0e+00, 0e+00, 0e+00, 0e+00, 0e+00, 0e+00, 0e+00, 0e+00, 0e+00, 0e+00, 0e+00, 0e+00, 2.240273635834491e-03, 1.867838017642498e-02, 6.482109427452087e-02, 1.641041785478592e-01, 4.132237732410431e-01, 9.878209829330444e-01, 1.780637025833133e+00, 2.646940231323238e+00, 3.310989141464233e+00, 3.933491468429565e+00, 4.534134864807129e+00, 5.089375972747803e+00, 5.714940071105957e+00, 6.165004730224609e+00, 6.553429126739502e+00, 6.855438232421875e+00, 7.046071529388428e+00, 7.113277435302734e+00, 6.952442646026611e+00, 6.91174840927124e+00, 6.893444538116455e+00, 6.894552230834961e+00, 6.886721134185791e+00, 6.870687484741211e+00, 6.846944808959961e+00, 6.815925598144531e+00, 6.775603771209717e+00, 6.72221279144287e+00, 6.651997089385985e+00, 6.594572067260742e+00, 6.586205959320068e+00, 6.552244663238525e+00, 6.425699234008789e+00, 6.143965721130371e+00, 5.666473865509033e+00, 4.961530208587646e+00, 4.287521839141846e+00, 3.547941923141479e+00, 2.34305739402771e+00, 1.037781953811646e+00, 2.071076631545981e-01, 0e+00, 0e+00, 0e+00, 0e+00, 0e+00, 0e+00, 0e+00, 0e+00, 0e+00, 0e+00, 0e+00, 0e+00, 0e+00, 0e+00, 0e+00, 0e+00, 0e+00, 0e+00, 0e+00, 0e+00, 0e+00, 0e+00, 0e+00, 0e+00, 0e+00, 0e+00, 0e+00, 0e+00, 0e+00, 0e+00, 0e+00, 0e+00]
ele.linHP.terminal_n.i[1]=[2.122931957244873e+00, 2.12014365196228e+00, 2.12014365196228e+00, 2.12014365196228e+00, 2.12014365196228e+00, 2.12014365196228e+00, 2.12014365196228e+00, 2.12014365196228e+00, 2.12014365196228e+00, 2.12014365196228e+00, 2.12014365196228e+00, 2.12014365196228e+00, 2.12014365196228e+00, 2.12014365196228e+00, 2.12014365196228e+00, 2.12014365196228e+00, 2.12014365196228e+00, 2.12014365196228e+00, 2.12014365196228e+00, 2.12014365196228e+00, 2.12014365196228e+00, 2.119583129882812e+00, 2.120123624801636e+00, 2.12014365196228e+00, 2.12014365196228e+00, 2.12014365196228e+00, 2.12014365196228e+00, 2.12014365196228e+00, 2.120130062103271e+00, 2.120031118392944e+00, 2.119754552841187e+00, 2.119159698486328e+00, 2.117666721343994e+00, 2.114241361618042e+00, 2.109545230865479e+00, 2.104440927505493e+00, 2.100566864013672e+00, 2.096941709518433e+00, 2.093459844589233e+00, 2.09025502204895e+00, 2.086658716201782e+00, 2.084081411361694e+00, 2.08186411857605e+00, 2.080145120620728e+00, 2.079062938690186e+00, 2.07862114906311e+00, 2.079598665237427e+00, 2.079829931259155e+00, 2.079933643341064e+00, 2.079927444458008e+00, 2.079972267150879e+00, 2.080063581466675e+00, 2.080199003219604e+00, 2.08037543296814e+00, 2.080605506896973e+00, 2.080909967422485e+00, 2.081310272216797e+00, 2.081635475158691e+00, 2.081684350967407e+00, 2.081879138946533e+00, 2.082603693008423e+00, 2.084219694137573e+00, 2.086956977844238e+00, 2.091056346893311e+00, 2.094912767410278e+00, 2.099217176437378e+00, 2.106283664703369e+00, 2.113173961639404e+00, 2.117489814758301e+00, 2.118590831756592e+00, 2.118961095809937e+00, 2.119829893112183e+00, 2.12014365196228e+00, 2.12014365196228e+00, 2.12014365196228e+00, 2.12014365196228e+00, 2.12014365196228e+00, 2.12014365196228e+00, 2.12014365196228e+00, 2.12014365196228e+00, 2.12014365196228e+00, 2.12014365196228e+00, 2.12014365196228e+00, 2.12014365196228e+00, 2.12014365196228e+00, 2.12014365196228e+00, 2.12014365196228e+00, 2.12014365196228e+00, 2.12014365196228e+00, 2.12014365196228e+00, 2.12014365196228e+00, 2.12014365196228e+00, 2.12014365196228e+00, 2.12014365196228e+00, 2.12014365196228e+00, 2.12014365196228e+00, 2.12014365196228e+00, 2.12014365196228e+00, 2.12014365196228e+00, 2.12014365196228e+00, 2.12014365196228e+00]
ele.linBat.terminal_n.i[1]=[1.590607257451887e-14, -2.338072657585144e-01, -2.338072657585144e-01, -2.338072657585144e-01, -2.338072657585144e-01, -2.338072657585144e-01, -2.338072657585144e-01, -2.338072657585144e-01, -2.338072657585144e-01, -2.338072657585144e-01, -2.338072657585144e-01, -2.338072657585144e-01, -2.338072657585144e-01, -2.338072657585144e-01, -2.338072657585144e-01, -2.338072657585144e-01, -2.338072657585144e-01, -2.338072657585144e-01, -2.338072657585144e-01, -2.338072657585144e-01, -2.338072657585144e-01, -2.337189018726349e-01, -2.338041216135025e-01, -2.338072657585144e-01, -2.338072657585144e-01, -2.338072657585144e-01, -2.338072657585144e-01, -2.338072657585144e-01, -2.335698008537292e-01, -2.317790389060974e-01, -2.267136573791504e-01, -2.157955169677734e-01, -1.886394321918488e-01, -1.255861967802048e-01, -3.853310644626579e-02, 5.561481788754416e-02, 1.287936270236969e-01, 1.961731612682343e-01, 2.609286308288574e-01, 3.205918669700623e-01, 3.874623775482178e-01, 4.354068636894226e-01, 4.767126142978668e-01, 5.088133811950684e-01, 5.291514992713928e-01, 5.309205651283264e-01, 5.195519924163818e-01, 5.152466893196106e-01, 5.13265073299408e-01, 5.133914351463318e-01, 5.125789642333984e-01, 5.108963251113892e-01, 5.084236264228821e-01, 5.051323175430298e-01, 5.00898003578186e-01, 4.952813982963561e-01, 4.87880915403366e-01, 4.81593132019043e-01, 4.808124601840973e-01, 4.773134887218475e-01, 4.641200304031372e-01, 4.347603619098663e-01, 3.840754628181458e-01, 3.125178515911102e-01, 2.365531027317047e-01, 1.572438627481461e-01, 2.744238264858723e-02, -1.044575124979019e-01, -1.875554472208027e-01, -2.095042318105697e-01, -2.150672525167464e-01, -2.285369634628296e-01, -2.338072657585144e-01, -2.338072657585144e-01, -2.338072657585144e-01, -2.338072657585144e-01, -2.338072657585144e-01, -2.338072657585144e-01, -2.338072657585144e-01, -2.338072657585144e-01, -2.338072657585144e-01, -2.338072657585144e-01, -2.338072657585144e-01, -2.338072657585144e-01, -2.338072657585144e-01, -2.338072657585144e-01, -2.338072657585144e-01, -2.338072657585144e-01, -2.338072657585144e-01, -2.338072657585144e-01, -2.338072657585144e-01, -2.338072657585144e-01, -2.338072657585144e-01, -2.338072657585144e-01, -2.338072657585144e-01, -2.338072657585144e-01, -2.338072657585144e-01, -2.338072657585144e-01, -2.338072657585144e-01, -2.338072657585144e-01, -2.338072657585144e-01]
ele.conBat.swi.u2=[1e+00, 1e+00, 1e+00, 1e+00, 1e+00, 1e+00, 1e+00, 1e+00, 1e+00, 1e+00, 1e+00, 1e+00, 1e+00, 1e+00, 1e+00, 1e+00, 1e+00, 1e+00, 1e+00, 1e+00, 1e+00, 1e+00, 1e+00, 1e+00, 1e+00, 1e+00, 1e+00, 1e+00, 1e+00, 1e+00, 1e+00, 1e+00, 1e+00, 1e+00, 1e+00, 1e+00, 1e+00, 1e+00, 1e+00, 1e+00, 1e+00, 1e+00, 1e+00, 1e+00, 1e+00, 1e+00, 1e+00, 1e+00, 1e+00, 1e+00, 1e+00, 1e+00, 1e+00, 1e+00, 1e+00, 1e+00, 1e+00, 1e+00, 1e+00, 1e+00, 1e+00, 1e+00, 1e+00, 1e+00, 1e+00, 1e+00, 1e+00, 1e+00, 1e+00, 1e+00, 1e+00, 1e+00, 1e+00, 1e+00, 1e+00, 1e+00, 1e+00, 1e+00, 1e+00, 1e+00, 1e+00, 1e+00, 1e+00, 1e+00, 1e+00, 1e+00, 1e+00, 1e+00, 1e+00, 1e+00, 1e+00, 1e+00, 1e+00, 1e+00, 1e+00, 1e+00, 1e+00, 1e+00, 1e+00, 1e+00, 1e+00]
ele.conBat.callDis.y=[1e+00, 1e+00, 1e+00, 1e+00, 1e+00, 1e+00, 1e+00, 1e+00, 1e+00, 1e+00, 1e+00, 1e+00, 1e+00, 1e+00, 1e+00, 1e+00, 1e+00, 1e+00, 1e+00, 1e+00, 1e+00, 1e+00, 1e+00, 1e+00, 1e+00, 1e+00, 1e+00, 1e+00, 1e+00, 1e+00, 1e+00, 1e+00, 1e+00, 1e+00, 1e+00, 0e+00, 0e+00, 0e+00, 0e+00, 0e+00, 0e+00, 0e+00, 0e+00, 0e+00, 0e+00, 0e+00, 0e+00, 0e+00, 0e+00, 0e+00, 0e+00, 0e+00, 0e+00, 0e+00, 0e+00, 0e+00, 0e+00, 0e+00, 0e+00, 0e+00, 0e+00, 0e+00, 0e+00, 0e+00, 0e+00, 0e+00, 0e+00, 1e+00, 1e+00, 1e+00, 1e+00, 1e+00, 1e+00, 1e+00, 1e+00, 1e+00, 1e+00, 1e+00, 1e+00, 1e+00, 1e+00, 1e+00, 1e+00, 1e+00, 1e+00, 1e+00, 1e+00, 1e+00, 1e+00, 1e+00, 1e+00, 1e+00, 1e+00, 1e+00, 1e+00, 1e+00, 1e+00, 1e+00, 1e+00, 1e+00, 1e+00]
EGri.y=[0e+00, 7.829875625e+05, 1.565289e+06, 2.34759025e+06, 3.12989175e+06, 3.912193e+06, 4.6944945e+06, 5.476796000000001e+06, 6.259097e+06, 7.0413985e+06, 7.8237e+06, 8.606001e+06, 9.388303e+06, 1.0170604e+07, 1.0952906e+07, 1.1735207e+07, 1.2517508e+07, 1.329981e+07, 1.4082111e+07, 1.4864412e+07, 1.5646714e+07, 1.6429015e+07, 1.7211316e+07, 1.7993618e+07, 1.877592e+07, 1.955822e+07, 2.0340522e+07, 2.1122824e+07, 2.190492e+07, 2.2684e+07, 2.3451946e+07, 2.4193806e+07, 2.4878532e+07, 2.540986e+07, 2.5680932e+07, 2.5646786e+07, 2.5315802e+07, 2.4751088e+07, 2.3957874e+07, 2.2948654e+07, 2.1725726e+07, 2.0296246e+07, 1.87097e+07, 1.6993398e+07, 1.518473e+07, 1.332948e+07, 1.1515772e+07, 9.717824e+06, 7.932177e+06, 6.1484835e+06, 4.365888e+06, 2.587776e+06, 8.170544375e+05, -9.4348425e+05, -2.690647e+06, -4.420540500000015e+06, -6.127693000000014e+06, -7.808126999999986e+06, -9.477829e+06, -1.1142108e+07, -1.2777829e+07, -1.4340766e+07, -1.5760336e+07, -1.6973644e+07, -1.79097e+07, -1.8591804e+07, -1.8917214e+07, -1.8764498e+07, -1.8255052e+07, -1.757187000000001e+07, -1.686295200000001e+07, -1.6121976e+07, -1.5341739e+07, -1.4559438e+07, -1.3777136e+07, -1.2994835e+07, -1.2212534e+07, -1.1430232e+07, -1.0647931e+07, -9.86563e+06, -9.083328e+06, -8.301027e+06, -7.5187255e+06, -6.736424e+06, -5.9541225e+06, -5.1718215e+06, -4.38952e+06, -3.6072185e+06, -2.82491725e+06, -2.04261575e+06, -1.260314375e+06, -4.78013e+05, 3.0428840625e+05, 1.08658975e+06, 1.868891125e+06, 2.6511925e+06, 3.433494e+06, 4.2157955e+06, 4.9980965e+06, 5.780398e+06, 6.5626995e+06]
Epv.y=[0e+00, 0e+00, 0e+00, 0e+00, 0e+00, 0e+00, 0e+00, 0e+00, 0e+00, 0e+00, 0e+00, 0e+00, 0e+00, 0e+00, 0e+00, 0e+00, 0e+00, 0e+00, 0e+00, 0e+00, 0e+00, 0e+00, 0e+00, 0e+00, 0e+00, 0e+00, 0e+00, 7.725357136223465e-06, 2.253193664550834e+02, 3.788529052734375e+03, 1.9686875e+04, 6.452898828125e+04, 1.72846546875e+05, 4.524023125e+05, 1.025129062500003e+06, 1.945655999999996e+06, 3.20863325e+06, 4.7440725e+06, 6.548306e+06, 8.608889e+06, 1.0925212e+07, 1.349086e+07, 1.6247433e+07, 1.916267e+07, 2.219136e+07, 2.5277536e+07, 2.8312682e+07, 3.1328388e+07, 3.4328956e+07, 3.7327104e+07, 4.0323912e+07, 4.3315224e+07, 4.629746e+07, 4.9267204e+07, 5.222054e+07, 5.515271200000002e+07, 5.805702400000002e+07, 6.092862399999998e+07, 6.3787044e+07, 6.6638852e+07, 6.9455864e+07, 7.2184192e+07, 7.4738656e+07, 7.7044512e+07, 7.9019136e+07, 8.0693536e+07, 8.195188e+07, 8.2642544e+07, 8.2880272e+07, 8.2901928e+07, 8.2901928e+07, 8.2901928e+07, 8.2901928e+07, 8.2901928e+07, 8.2901928e+07, 8.2901928e+07, 8.2901928e+07, 8.2901928e+07, 8.2901928e+07, 8.2901928e+07, 8.2901928e+07, 8.2901928e+07, 8.2901928e+07, 8.2901928e+07, 8.2901928e+07, 8.2901928e+07, 8.2901928e+07, 8.2901928e+07, 8.2901928e+07, 8.2901928e+07, 8.2901928e+07, 8.2901928e+07, 8.2901928e+07, 8.2901928e+07, 8.2901928e+07, 8.2901928e+07, 8.2901928e+07, 8.2901928e+07, 8.2901928e+07, 8.2901928e+07, 8.2901928e+07]
EWin.y=[0e+00, 0e+00, 0e+00, 0e+00, 0e+00, 0e+00, 0e+00, 0e+00, 0e+00, 0e+00, 0e+00, 0e+00, 0e+00, 0e+00, 0e+00, 0e+00, 0e+00, 0e+00, 0e+00, 0e+00, 0e+00, 0e+00, 0e+00, 0e+00, 0e+00, 0e+00, 0e+00, 0e+00, 0e+00, 0e+00, 0e+00, 0e+00, 0e+00, 0e+00, 0e+00, 0e+00, 0e+00, 0e+00, 0e+00, 0e+00, 0e+00, 0e+00, 0e+00, 0e+00, 0e+00, 0e+00, 0e+00, 0e+00, 0e+00, 0e+00, 0e+00, 0e+00, 0e+00, 0e+00, 0e+00, 0e+00, 0e+00, 0e+00, 0e+00, 0e+00, 0e+00, 0e+00, 0e+00, 0e+00, 0e+00, 0e+00, 0e+00, 1.9741615234375e+04, 9.285107031250077e+04, 1.891231562499992e+05, 2.776743437499994e+05, 3.2759875e+05, 3.3012734375e+05, 3.3012734375e+05, 3.3012734375e+05, 3.3012734375e+05, 3.3012734375e+05, 3.3012734375e+05, 3.3012734375e+05, 3.3012734375e+05, 3.3012734375e+05, 3.3012734375e+05, 3.3012734375e+05, 3.3012734375e+05, 3.3012734375e+05, 3.3012734375e+05, 3.3012734375e+05, 3.3012734375e+05, 3.3012734375e+05, 3.3012734375e+05, 3.3012734375e+05, 3.3012734375e+05, 3.3012734375e+05, 3.3012734375e+05, 3.3012734375e+05, 3.3012734375e+05, 3.3012734375e+05, 3.3012734375e+05, 3.3012734375e+05, 3.3012734375e+05, 3.3012734375e+05]
ELoa.y=[0e+00, -8.64e+05, -1.728e+06, -2.592e+06, -3.456e+06, -4.32e+06, -5.184e+06, -6.048000000000001e+06, -6.912e+06, -7.776e+06, -8.64e+06, -9.504e+06, -1.0368e+07, -1.1232e+07, -1.2096e+07, -1.296e+07, -1.3824e+07, -1.4688e+07, -1.5552e+07, -1.6416e+07, -1.728e+07, -1.8144e+07, -1.9008e+07, -1.9872e+07, -2.0736e+07, -2.16e+07, -2.2464e+07, -2.3328e+07, -2.4192e+07, -2.5056e+07, -2.592e+07, -2.6784e+07, -2.7648e+07, -2.8512e+07, -2.9376e+07, -3.024e+07, -3.1104e+07, -3.1968e+07, -3.2832e+07, -3.3696e+07, -3.456e+07, -3.5424e+07, -3.6288e+07, -3.7152e+07, -3.8016e+07, -3.888e+07, -3.9744e+07, -4.0608e+07, -4.1472e+07, -4.2336e+07, -4.32e+07, -4.4064e+07, -4.4928e+07, -4.5792e+07, -4.6656e+07, -4.752000000000001e+07, -4.838400000000001e+07, -4.924799999999999e+07, -5.0112e+07, -5.0976e+07, -5.184e+07, -5.2704e+07, -5.3568e+07, -5.4432e+07, -5.5296e+07, -5.616e+07, -5.7024e+07, -5.7888e+07, -5.875200000000001e+07, -5.961599999999999e+07, -6.047999999999999e+07, -6.1344e+07, -6.2208e+07, -6.3072e+07, -6.3936e+07, -6.48e+07, -6.5664e+07, -6.6528e+07, -6.7392e+07, -6.8256e+07, -6.912e+07, -6.9984e+07, -7.0848e+07, -7.1712e+07, -7.2576e+07, -7.344e+07, -7.4304e+07, -7.5168e+07, -7.6032e+07, -7.6896e+07, -7.776e+07, -7.8624e+07, -7.9488e+07, -8.0352e+07, -8.1216e+07, -8.208e+07, -8.2944e+07, -8.3808e+07, -8.4672e+07, -8.5536e+07, -8.64e+07]
EBat.y=[0e+00, -9.52233203125e+04, -1.91117703125e+05, -2.870120625e+05, -3.829064375e+05, -4.788008125e+05, -5.746951875e+05, -6.705895625000001e+05, -7.664839375e+05, -8.623783125e+05, -9.582726875e+05, -1.054167125e+06, -1.1500615e+06, -1.245955875e+06, -1.34185025e+06, -1.437744625e+06, -1.533639e+06, -1.629533375e+06, -1.72542775e+06, -1.821322125e+06, -1.9172165e+06, -2.013110875e+06, -2.10900525e+06, -2.2048995e+06, -2.300794e+06, -2.39668825e+06, -2.49258275e+06, -2.588477e+06, -2.68434825e+06, -2.77986375e+06, -2.87404875e+06, -2.96510225e+06, -3.04932225e+06, -3.11513075e+06, -3.14940825e+06, -3.1465145e+06, -3.107214e+06, -3.03929775e+06, -2.9433985e+06, -2.82099975e+06, -2.67245175e+06, -2.498407e+06, -2.3050165e+06, -2.095603375e+06, -1.874738125e+06, -1.6479965e+06, -1.426264125e+06, -1.206526125e+06, -9.8831975e+05, -7.70369875e+05, -5.5254775e+05, -3.35270375e+05, -1.188959765625e+05, 9.62322421875e+04, 3.0972259375e+05, 5.210998125000017e+05, 7.296941875000017e+05, 9.349943124999983e+05, 1.13893225e+06, 1.34222475e+06, 1.542082125e+06, 1.733118875e+06, 1.90670825e+06, 2.055140375e+06, 2.16960425e+06, 2.2529935e+06, 2.29313525e+06, 2.274917e+06, 2.21288375e+06, 2.129263500000001e+06, 2.042389625000001e+06, 1.951650375e+06, 1.856046375e+06, 1.760152e+06, 1.664257625e+06, 1.56836325e+06, 1.472468875e+06, 1.3765745e+06, 1.280680125e+06, 1.18478575e+06, 1.088891375e+06, 9.929969375e+05, 8.971025625e+05, 8.012081875e+05, 7.053138125e+05, 6.094194375e+05, 5.1352509375e+05, 4.1763071875e+05, 3.2173634375e+05, 2.2584196875e+05, 1.2994759375e+05, 3.405321875e+04, -6.184115625e+04, -1.5773553125e+05, -2.5362990625e+05, -3.4952428125e+05, -4.4541865625e+05, -5.41313e+05, -6.37207375e+05, -7.3310175e+05, -8.28996125e+05]
