last-generated=2022-03-29
statistics-simulation=
{
  "linear": " ",
  "nonlinear": " ",
  "numerical Jacobians": "0"
}
time=[0e+00, 1e+00]
TMea.y=[2.931499938964844e+02, 2.933383789104519e+02, 2.935260009849185e+02, 2.937121582155157e+02, 2.938960571452089e+02, 2.940770568713847e+02, 2.942543640371232e+02, 2.944273376413867e+02, 2.945952759083193e+02, 2.947574767495063e+02, 2.949133605728749e+02, 2.950622863855569e+02, 2.95203643835458e+02, 2.953369141236179e+02, 2.954615478443411e+02, 2.955770568180998e+02, 2.956829834341806e+02, 2.957789306476371e+02, 2.958644713773757e+02, 2.959393310709492e+02, 2.960031738104354e+02, 2.960557556451476e+02, 2.960968627970433e+02, 2.961263427631238e+02, 2.961440734920579e+02, 2.961499938964844e+02, 2.96144073473959e+02, 2.961263427975027e+02, 2.960968627970433e+02, 2.960557555751257e+02, 2.960031738961551e+02, 2.959393310709492e+02, 2.958644713773757e+02, 2.957789307817145e+02, 2.956829834341806e+02, 2.955770568180998e+02, 2.954615480220378e+02, 2.953369141236179e+02, 2.952036437329081e+02, 2.950622861680608e+02, 2.949133606861977e+02, 2.947574767495063e+02, 2.945952756614101e+02, 2.944273377680654e+02, 2.942543639717988e+02, 2.94077056670671e+02, 2.938960572810644e+02, 2.937121581810243e+02, 2.935260007756919e+02, 2.933383790855293e+02, 2.931499938964844e+02, 2.929616392248748e+02, 2.927739864601814e+02, 2.925878595783232e+02, 2.924039310563027e+02, 2.922229616398727e+02, 2.920456238211705e+02, 2.918726500249052e+02, 2.917047421568687e+02, 2.915425105705506e+02, 2.913866580797268e+02, 2.91237732142483e+02, 2.910963440600597e+02, 2.909631041869299e+02, 2.908384702882933e+02, 2.907229611638512e+02, 2.906170046622456e+02, 2.905210877997862e+02, 2.904355164155922e+02, 2.903606567220193e+02, 2.902968444142109e+02, 2.902442625970887e+02, 2.90203125104772e+02, 2.901736450669697e+02, 2.901559143190095e+02, 2.901499938964844e+02, 2.901559143190095e+02, 2.901736450669697e+02, 2.90203125104772e+02, 2.902442625970887e+02, 2.902968444142109e+02, 2.903606567220193e+02, 2.904355164155922e+02, 2.905210877997862e+02, 2.906170046622456e+02, 2.907229611638512e+02, 2.908384702882933e+02, 2.909631041869299e+02, 2.910963440600597e+02, 2.91237732142483e+02, 2.913866580797268e+02, 2.915425105705506e+02, 2.917047421568687e+02, 2.918726500249052e+02, 2.920456238211705e+02, 2.922229616398727e+02, 2.924039310563027e+02, 2.925878595783232e+02, 2.927739864601814e+02, 2.929616392248748e+02, 2.931499938964844e+02]
splInv.x=[2.931499938964844e+02, 2.933383789104519e+02, 2.935260009849185e+02, 2.937121582155157e+02, 2.938960571452089e+02, 2.940770568713847e+02, 2.942543640371232e+02, 2.944273376413867e+02, 2.945952759083193e+02, 2.947574767495063e+02, 2.949133605728749e+02, 2.950622863855569e+02, 2.95203643835458e+02, 2.953369141236179e+02, 2.954615478443411e+02, 2.955770568180998e+02, 2.956829834341806e+02, 2.957789306476371e+02, 2.958644713773757e+02, 2.959393310709492e+02, 2.960031738104354e+02, 2.960557556451476e+02, 2.960968627970433e+02, 2.961263427631238e+02, 2.961440734920579e+02, 2.961499938964844e+02, 2.96144073473959e+02, 2.961263427975027e+02, 2.960968627970433e+02, 2.960557555751257e+02, 2.960031738961551e+02, 2.959393310709492e+02, 2.958644713773757e+02, 2.957789307817145e+02, 2.956829834341806e+02, 2.955770568180998e+02, 2.954615480220378e+02, 2.953369141236179e+02, 2.952036437329081e+02, 2.950622861680608e+02, 2.949133606861977e+02, 2.947574767495063e+02, 2.945952756614101e+02, 2.944273377680654e+02, 2.942543639717988e+02, 2.94077056670671e+02, 2.938960572810644e+02, 2.937121581810243e+02, 2.935260007756919e+02, 2.933383790855293e+02, 2.931499938964844e+02, 2.929616392248748e+02, 2.927739864601814e+02, 2.925878595783232e+02, 2.924039310563027e+02, 2.922229616398727e+02, 2.920456238211705e+02, 2.918726500249052e+02, 2.917047421568687e+02, 2.915425105705506e+02, 2.913866580797268e+02, 2.91237732142483e+02, 2.910963440600597e+02, 2.909631041869299e+02, 2.908384702882933e+02, 2.907229611638512e+02, 2.906170046622456e+02, 2.905210877997862e+02, 2.904355164155922e+02, 2.903606567220193e+02, 2.902968444142109e+02, 2.902442625970887e+02, 2.90203125104772e+02, 2.901736450669697e+02, 2.901559143190095e+02, 2.901499938964844e+02, 2.901559143190095e+02, 2.901736450669697e+02, 2.90203125104772e+02, 2.902442625970887e+02, 2.902968444142109e+02, 2.903606567220193e+02, 2.904355164155922e+02, 2.905210877997862e+02, 2.906170046622456e+02, 2.907229611638512e+02, 2.908384702882933e+02, 2.909631041869299e+02, 2.910963440600597e+02, 2.91237732142483e+02, 2.913866580797268e+02, 2.915425105705506e+02, 2.917047421568687e+02, 2.918726500249052e+02, 2.920456238211705e+02, 2.922229616398727e+02, 2.924039310563027e+02, 2.925878595783232e+02, 2.927739864601814e+02, 2.929616392248748e+02, 2.931499938964844e+02]
spl.y=[0e+00, 9.682248739519317e-02, 1.86587113996783e-01, 2.698924892948796e-01, 3.473902709164276e-01, 4.19752234930681e-01, 4.876389591293945e-01, 5.516710858753506e-01, 6.124044762199645e-01, 6.703095828759075e-01, 7.257556237977033e-01, 7.790004045961262e-01, 8.301852479496729e-01, 8.793357839115962e-01, 9.263673397215356e-01, 9.710958935332701e-01, 1.013193502425934e+00, 1.051568024741797e+00, 1.085792399027089e+00, 1.115731841877549e+00, 1.141267769411556e+00, 1.162299764228213e+00, 1.178744675357646e+00, 1.190537686977394e+00, 1.197632076641926e+00, 1.200000047683716e+00, 1.197632069390248e+00, 1.190537700750207e+00, 1.178744675357646e+00, 1.162299736206382e+00, 1.141267803726437e+00, 1.115731841877549e+00, 1.085792399027089e+00, 1.051568078395907e+00, 1.013193502425934e+00, 9.710958935332702e-01, 9.263674078280912e-01, 8.793357839115962e-01, 8.301852105259602e-01, 7.79000326528954e-01, 7.25755664166263e-01, 6.703095828759076e-01, 6.124043876088214e-01, 5.516711320666258e-01, 4.87638934552816e-01, 4.197521561765139e-01, 3.473903262807937e-01, 2.698924743085576e-01, 1.865870167350246e-01, 9.682257353971729e-02, 0e+00, -1.063770832551822e-01, -2.225168116289323e-01, -3.454624136965034e-01, -4.722491744536616e-01, -5.999998718877613e-01, -7.260057032828102e-01, -8.478058826672903e-01, -9.63250881592752e-01, -1.071653881647675e+00, -1.175570244494253e+00, -1.274847845090304e+00, -1.369094208649704e+00, -1.457937281343269e+00, -1.541026586755557e+00, -1.618034179738232e+00, -1.68865567494064e+00, -1.752613203860559e+00, -1.809654077851352e+00, -1.859552990323263e+00, -1.902113125419105e+00, -1.937166398611994e+00, -1.964574386631211e+00, -1.984229413923537e+00, -1.99605344898387e+00, -2e+00, -1.99605344898387e+00, -1.984229413923537e+00, -1.964574386631211e+00, -1.937166398611994e+00, -1.902113125419105e+00, -1.859552990323263e+00, -1.809654077851352e+00, -1.752613203860559e+00, -1.68865567494064e+00, -1.618034179738232e+00, -1.541026586755557e+00, -1.457937281343269e+00, -1.369094208649704e+00, -1.274847845090304e+00, -1.175570244494253e+00, -1.071653881647675e+00, -9.63250881592752e-01, -8.478058826672903e-01, -7.260057032828102e-01, -5.999998718877613e-01, -4.722491744536616e-01, -3.454624136965034e-01, -2.225168116289323e-01, -1.063770832551822e-01, 0e+00]
splInv.y=[0e+00, 9.682248739519317e-02, 1.86587113996783e-01, 2.698924892948796e-01, 3.473902709164276e-01, 4.19752234930681e-01, 4.876389591293945e-01, 5.516710858753506e-01, 6.124044762199645e-01, 6.703095828759075e-01, 7.257556237977033e-01, 7.790004045961262e-01, 8.301852479496729e-01, 8.793357839115962e-01, 9.263673397215356e-01, 9.710958935332701e-01, 1.013193502425934e+00, 1.051568024741797e+00, 1.085792399027089e+00, 1.115731841877549e+00, 1.141267769411556e+00, 1.162299764228213e+00, 1.178744675357646e+00, 1.190537686977394e+00, 1.197632076641926e+00, 1.200000047683716e+00, 1.197632069390248e+00, 1.190537700750207e+00, 1.178744675357646e+00, 1.162299736206382e+00, 1.141267803726437e+00, 1.115731841877549e+00, 1.085792399027089e+00, 1.051568078395907e+00, 1.013193502425934e+00, 9.710958935332702e-01, 9.263674078280912e-01, 8.793357839115962e-01, 8.301852105259602e-01, 7.79000326528954e-01, 7.25755664166263e-01, 6.703095828759076e-01, 6.124043876088214e-01, 5.516711320666258e-01, 4.87638934552816e-01, 4.197521561765139e-01, 3.473903262807937e-01, 2.698924743085576e-01, 1.865870167350246e-01, 9.682257353971729e-02, 0e+00, -1.063770832551822e-01, -2.225168116289323e-01, -3.454624136965034e-01, -4.722491744536616e-01, -5.999998718877613e-01, -7.260057032828102e-01, -8.478058826672903e-01, -9.63250881592752e-01, -1.071653881647675e+00, -1.175570244494253e+00, -1.274847845090304e+00, -1.369094208649704e+00, -1.457937281343269e+00, -1.541026586755557e+00, -1.618034179738232e+00, -1.68865567494064e+00, -1.752613203860559e+00, -1.809654077851352e+00, -1.859552990323263e+00, -1.902113125419105e+00, -1.937166398611994e+00, -1.964574386631211e+00, -1.984229413923537e+00, -1.99605344898387e+00, -2e+00, -1.99605344898387e+00, -1.984229413923537e+00, -1.964574386631211e+00, -1.937166398611994e+00, -1.902113125419105e+00, -1.859552990323263e+00, -1.809654077851352e+00, -1.752613203860559e+00, -1.68865567494064e+00, -1.618034179738232e+00, -1.541026586755557e+00, -1.457937281343269e+00, -1.369094208649704e+00, -1.274847845090304e+00, -1.175570244494253e+00, -1.071653881647675e+00, -9.63250881592752e-01, -8.478058826672903e-01, -7.260057032828102e-01, -5.999998718877613e-01, -4.722491744536616e-01, -3.454624136965034e-01, -2.225168116289323e-01, -1.063770832551822e-01, 0e+00]
