last-generated=2022-03-29
statistics-simulation=
{
  "linear": " ",
  "nonlinear": " ",
  "numerical Jacobians": "0"
}
time=[0e+00, 2.4e+02]
PNet.y=[-1.225e+03, -1.225e+03, -1.225e+03, -1.225e+03, -1.225e+03, -1.225e+03, -1.225e+03, -1.225e+03, -1.225e+03, -1.225e+03, -1.225e+03, -1.225e+03, -1.225e+03, -1.225e+03, -1.225e+03, -1.225e+03, -1.225e+03, -1.225e+03, -1.225e+03, -1.225e+03, -1.225e+03, -1.225e+03, -1.225e+03, -1.225e+03, -1.225e+03, -1.225e+03, -1.125000063577843e+03, -1.025000127155686e+03, -9.249998728443136e+02, -8.249999364221571e+02, -7.25e+02, -6.250000635778429e+02, -5.250001271556864e+02, -4.249998728443136e+02, -3.249999364221565e+02, -2.25e+02, -1.250000635778435e+02, -2.500012715568636e+01, 7.500012715568636e+01, 1.750000635778435e+02, 2.75e+02, 3.749999364221565e+02, 4.749998728443136e+02, 5.750001271556864e+02, 6.750000635778429e+02, 7.75e+02, 8.749999364221571e+02, 9.749998728443136e+02, 1.075000127155686e+03, 1.175000063577843e+03, 1.275e+03, 1.275e+03, 1.275e+03, 1.275e+03, 1.275e+03, 1.275e+03, 1.275e+03, 1.275e+03, 1.275e+03, 1.275e+03, 1.275e+03, 1.275e+03, 1.275e+03, 1.275e+03, 1.275e+03, 1.275e+03, 1.275e+03, 1.275e+03, 1.275e+03, 1.275e+03, 1.275e+03, 1.275e+03, 1.275e+03, 1.275e+03, 1.275e+03, 1.275e+03, 1.275e+03, 1.275e+03, 1.275e+03, 1.275e+03, 1.275e+03, 1.275e+03, 1.275e+03, 1.275e+03, 1.275e+03, 1.275e+03, 1.275e+03, 1.275e+03, 1.275e+03, 1.275e+03, 1.275e+03, 1.275e+03, 1.275e+03, 1.275e+03, 1.275e+03, 1.275e+03, 1.275e+03, 1.275e+03, 1.275e+03, 1.275e+03, 1.275e+03]
sta.sta=[-1e+00, -1e+00, -1e+00, -1e+00, -1e+00, -1e+00, -1e+00, -1e+00, -1e+00, -1e+00, -1e+00, -1e+00, -1e+00, -1e+00, -1e+00, -1e+00, -1e+00, -1e+00, -1e+00, -1e+00, -1e+00, -1e+00, -1e+00, -1e+00, -1e+00, -1e+00, -1e+00, -1e+00, 0e+00, 0e+00, 0e+00, 0e+00, 0e+00, 0e+00, 0e+00, 0e+00, 0e+00, 0e+00, 0e+00, 0e+00, 0e+00, 0e+00, 0e+00, 0e+00, 0e+00, 0e+00, 0e+00, 0e+00, 1e+00, 1e+00, 1e+00, 1e+00, 1e+00, 1e+00, 1e+00, 1e+00, 1e+00, 1e+00, 1e+00, 1e+00, 1e+00, 1e+00, 1e+00, 1e+00, 1e+00, 1e+00, 1e+00, 1e+00, 1e+00, 1e+00, 1e+00, 1e+00, 1e+00, 1e+00, 1e+00, 1e+00, 1e+00, 1e+00, 1e+00, 1e+00, 1e+00, 1e+00, 1e+00, 1e+00, 1e+00, 1e+00, 1e+00, 1e+00, 1e+00, 1e+00, 1e+00, 1e+00, 1.017242252443484e-05, 0e+00, 0e+00, 0e+00, 0e+00, 0e+00, 0e+00, 0e+00, 0e+00]
sta.soc=[2.5e-01, 2.5e-01, 2.5e-01, 2.5e-01, 2.5e-01, 2.5e-01, 2.5e-01, 2.5e-01, 2.5e-01, 2.5e-01, 2.5e-01, 2.5e-01, 2.5e-01, 2.5e-01, 2.5e-01, 2.5e-01, 2.5e-01, 2.5e-01, 2.5e-01, 2.5e-01, 2.5e-01, 2.5e-01, 2.5e-01, 2.5e-01, 2.5e-01, 2.5e-01, 2.5e-01, 2.5e-01, 2.5e-01, 2.5e-01, 2.5e-01, 2.5e-01, 2.5e-01, 2.5e-01, 2.5e-01, 2.5e-01, 2.5e-01, 2.5e-01, 2.5e-01, 2.5e-01, 2.5e-01, 2.5e-01, 2.5e-01, 2.5e-01, 2.5e-01, 2.5e-01, 2.5e-01, 2.5e-01, 2.5e-01, 2.5e-01, 2.5e-01, 2.5e-01, 2.5e-01, 2.5e-01, 2.5e-01, 2.5e-01, 2.5e-01, 2.5e-01, 2.5e-01, 2.5e-01, 2.5e-01, 2.5e-01, 2.5e-01, 2.5e-01, 2.5e-01, 2.5e-01, 2.5e-01, 2.5e-01, 2.5e-01, 2.5e-01, 2.5e-01, 2.5e-01, 2.5e-01, 2.5e-01, 2.5e-01, 2.5e-01, 2.5e-01, 2.5e-01, 2.5e-01, 2.5e-01, 2.5e-01, 2.5e-01, 2.5e-01, 2.5e-01, 2.5e-01, 2.5e-01, 2.5e-01, 2.5e-01, 3.300002165651967e-01, 4.899996026449475e-01, 6.499999761581421e-01, 8.100004092759815e-01, 9.699998251613667e-01, 1.130000198683616e+00, 1.25e+00, 1.25e+00, 1.25e+00, 1.25e+00, 1.25e+00, 1.25e+00, 1.25e+00]
