last-generated=2022-03-29
statistics-initialization=
{
  "linear": "6",
  "nonlinear": "6",
  "numerical Jacobians": "0"
}
statistics-simulation=
{
  "linear": "6",
  "nonlinear": "7",
  "number of continuous time states": "7",
  "numerical Jacobians": "0"
}
time=[8.64e+06, 8.7264e+06]
PGriRea.y=[5.08410888671875e+02, 5.08410888671875e+02, 5.08410888671875e+02, 5.08410888671875e+02, 5.08410888671875e+02, 5.08410888671875e+02, 5.08410888671875e+02, 5.08410888671875e+02, 5.08410888671875e+02, 5.08410888671875e+02, 5.08410888671875e+02, 5.08410888671875e+02, 5.08410888671875e+02, 5.08410888671875e+02, 5.08410888671875e+02, 5.08410888671875e+02, 5.08410888671875e+02, 5.08410888671875e+02, 5.08410888671875e+02, 5.08410888671875e+02, 5.08410888671875e+02, 5.08410888671875e+02, 5.08410888671875e+02, 5.082955017089844e+02, 4.898412170410156e+02, 4.442884216308594e+02, 3.52213134765625e+02, 1.897034912109375e+02, -8.087809562683105e+00, -2.41068603515625e+02, -4.860773620605469e+02, -7.3905126953125e+02, -9.41707275390625e+02, 2.627238464355469e+01, -9.105763549804688e+02, -8.728076782226562e+02, 2.543896484375e+01, 3.10106315612793e+01, 3.898393630981445e+01, 4.709132385253906e+01, 5.141978073120117e+01, 4.839876174926758e+01, 4.145477676391602e+01, 3.399074935913086e+01, 3.09954719543457e+01, 3.245934295654297e+01, 3.580924224853516e+01, 4.056820297241211e+01, 4.905830383300781e+01, -8.921649169921875e+01, -4.588842468261719e+02, -7.395728759765625e+02, -9.435924682617188e+02, -1.013814819335938e+03, -9.724437255859375e+02, -8.853555297851562e+02, -8.163638305664062e+02, -8.5995361328125e+02, -1.106875244140625e+03, -1.28780224609375e+03, -1.394213745117188e+03, -1.14572119140625e+03, -6.566758422851562e+02, -3.354760360717773e+01, 4.175494766235352e+01, 3.480369567871094e+01, 3.081290054321289e+01, 2.750382232666016e+01, -8.988441162109375e+02, -7.951406860351562e+02, -7.087982788085938e+02, -6.121925048828125e+02, -4.79716552734375e+02, -3.030107116699219e+02, -6.030754852294922e+01, 1.98178955078125e+02, 3.990347900390625e+02, 4.810171508789062e+02, 5.013125915527344e+02, 5.083175354003906e+02, 5.083906860351562e+02, 5.084104309082031e+02, 5.08410888671875e+02, 5.08410888671875e+02, 5.08410888671875e+02, 5.08410888671875e+02, 5.08410888671875e+02, 5.08410888671875e+02, 5.08410888671875e+02, 5.08410888671875e+02, 5.08410888671875e+02, 5.08410888671875e+02, 5.08410888671875e+02, 5.08410888671875e+02, 5.08410888671875e+02, 5.08410888671875e+02, 5.08410888671875e+02, 5.08410888671875e+02, 5.08410888671875e+02, 5.08410888671875e+02, 5.08410888671875e+02]
Ppv.y=[0e+00, 0e+00, 0e+00, 0e+00, 0e+00, 0e+00, 0e+00, 0e+00, 0e+00, 0e+00, 0e+00, 0e+00, 0e+00, 0e+00, 0e+00, 0e+00, 0e+00, 0e+00, 0e+00, 0e+00, 0e+00, 0e+00, 0e+00, 1.138061732053757e-01, 1.832285499572754e+01, 6.334711837768555e+01, 1.546885681152344e+02, 3.169986877441406e+02, 5.164439697265625e+02, 7.540621948242188e+02, 1.007110290527344e+03, 1.271815673828125e+03, 1.486405395507812e+03, 1.513233276367188e+03, 1.4532939453125e+03, 1.4131943359375e+03, 1.534869506835938e+03, 1.781836181640625e+03, 2.079876220703125e+03, 2.339080078125e+03, 2.444801025390625e+03, 2.322279052734375e+03, 2.080366455078125e+03, 1.800281616210938e+03, 1.736079833984375e+03, 1.807530029296875e+03, 1.943455688476562e+03, 2.117995849609375e+03, 2.400765380859375e+03, 2.65049560546875e+03, 3.0391875e+03, 3.33944921875e+03, 3.560503173828125e+03, 3.63713916015625e+03, 3.591955322265625e+03, 3.497161376953125e+03, 3.422373046875e+03, 3.46959375e+03, 3.739135498046875e+03, 3.938865966796875e+03, 4.05722314453125e+03, 3.781859130859375e+03, 3.250307861328125e+03, 2.59262109375e+03, 2.07580810546875e+03, 1.851220825195312e+03, 1.697186279296875e+03, 1.561676147460938e+03, 1.440829223632812e+03, 1.3309814453125e+03, 1.239975219726562e+03, 1.138636352539062e+03, 1.00049951171875e+03, 8.177295532226562e+02, 5.69449462890625e+02, 3.084989624023438e+02, 1.081841125488281e+02, 2.703598594665527e+01, 7.00180196762085e+00, 9.208496659994125e-02, 1.993614807724953e-02, 4.580403619911522e-04, 0e+00, 0e+00, 0e+00, 0e+00, 0e+00, 0e+00, 0e+00, 0e+00, 0e+00, 0e+00, 0e+00, 0e+00, 0e+00, 0e+00, 0e+00, 0e+00, 0e+00, 0e+00, 0e+00]
PLoa.y=[-5e+02, -5e+02]
PBat.y=[-0e+00, 8.204153414298523e-29, -5.048709793414476e-29, -7.573064690121713e-29, 3.155443620884047e-29, 1.009741958682895e-28, 2.524354896707238e-29, -3.470987982972452e-29, -1.072850831100576e-28, -1.767048427695066e-28, -1.767048427695066e-28, -1.135959703518257e-28, -6.941975965944904e-29, -3.786532345060857e-29, 9.860761315262648e-30, 5.36425415550288e-29, 1.009741958682895e-28, 1.388395193188981e-28, 1.893266172530428e-28, 2.01948391736579e-28, 2.524354896707238e-29, 1.577721810442024e-29, 3.786532345060857e-29, -1.507038958968887e-30, -1.699964195130927e-29, 2.500176096981445e-31, -4.983632620593631e-30, -3.646988188160618e-29, -4.963621757081617e-31, 2.66771352337194e-30, 3.77224939280571e-30, 2.412282362520179e-30, -6.269457794137399e-34, -1.012639282226562e+03, -1.673668811743125e-16, 1.962275692611317e-18, -1.032921875e+03, -1.279141235351562e+03, -1.576639282226562e+03, -1.835752319335938e+03, -1.942243774414062e+03, -1.820807983398438e+03, -1.579580688476562e+03, -1.30006396484375e+03, -1.234589111328125e+03, -1.305586669921875e+03, -1.441061401367188e+03, -1.615182861328125e+03, -1.897344970703125e+03, -2e+03, -2e+03, -2e+03, -2e+03, -2e+03, -2e+03, -2e+03, -2e+03, -2e+03, -2e+03, -2e+03, -2e+03, -2e+03, -2e+03, -2e+03, -1.575459106445312e+03, -1.350419921875e+03, -1.196531860351562e+03, -1.0611376953125e+03, -1.804843065636181e-14, 6.142445532652383e-18, -2.173853591126658e-20, 1.048282294632883e-21, 6.801494525421831e-20, 5.896542153377465e-23, -6.216149780216482e-24, -1.140334491905531e-26, 1.327555451431777e-27, 7.251699505702952e-30, -1.122564097153913e-30, 3.791201747164696e-30, -2.612631115871363e-32, -3.402456055764428e-32, -4.321508912013843e-34, -0e+00, -0e+00, 2.524354896707238e-29, 3.786532345060857e-29, 2.524354896707238e-29, 1.262177448353619e-29, -0e+00, -0e+00, -0e+00, 1.262177448353619e-29, -0e+00, -6.310887241768094e-30, 7.888609052210118e-30, 1.262177448353619e-29, 1.262177448353619e-29, 2.524354896707238e-29, -0e+00, 1.262177448353619e-29]
EGri.y=[0e+00, 4.3926703125e+05, 8.785340625e+05, 1.317801e+06, 1.757068125e+06, 2.196335e+06, 2.635602e+06, 3.074869e+06, 3.51413625e+06, 3.95340325e+06, 4.39267e+06, 4.831937e+06, 5.271204e+06, 5.710471e+06, 6.149738e+06, 6.5890055e+06, 7.0282725e+06, 7.4675395e+06, 7.9068065e+06, 8.3460735e+06, 8.78534e+06, 9.224607e+06, 9.663874e+06, 1.0103139e+07, 1.0536538e+07, 1.094166e+07, 1.1293088e+07, 1.1530535e+07, 1.1611111e+07, 1.1505587e+07, 1.1192411e+07, 1.0663342e+07, 9.926528e+06, 9.84164e+06, 9.277815e+06, 8.513901e+06, 7.8751085e+06, 7.8992755e+06, 7.9294e+06, 7.9666945e+06, 8.0097115e+06, 8.0532905e+06, 8.0922175e+06, 8.12508e+06, 8.152478e+06, 8.179738e+06, 8.20911e+06, 8.242023e+06, 8.2798665e+06, 8.2920585e+06, 8.08033e+06, 7.5593345e+06, 6.8245035e+06, 5.968495e+06, 5.104792e+06, 4.301269e+06, 3.56966675e+06, 2.85978425e+06, 1.996416125e+06, 9.5688875e+05, -2.02115796875e+05, -1.342322e+06, -2.13504925e+06, -2.4317525e+06, -2.39530175e+06, -2.362786e+06, -2.33449425e+06, -2.30934475e+06, -2.70351825e+06, -3.434497e+06, -4.0836225e+06, -4.656182e+06, -5.131e+06, -5.4722795e+06, -5.633675e+06, -5.572205e+06, -5.308131e+06, -4.92227e+06, -4.496582e+06, -4.059259e+06, -3.620029e+06, -3.18076775e+06, -2.74150075e+06, -2.3022335e+06, -1.862966625e+06, -1.423699625e+06, -9.844325625e+05, -5.451655625e+05, -1.05898515625e+05, 3.333685e+05, 7.726355e+05, 1.2119025e+06, 1.6511695e+06, 2.090436625e+06, 2.5297035e+06, 2.9689705e+06, 3.4082375e+06, 3.84750475e+06, 4.2867715e+06, 4.7260385e+06, 5.1653055e+06]
Epv.y=[0e+00, 0e+00, 0e+00, 0e+00, 0e+00, 0e+00, 0e+00, 0e+00, 0e+00, 0e+00, 0e+00, 0e+00, 0e+00, 0e+00, 0e+00, 0e+00, 0e+00, 0e+00, 0e+00, 0e+00, 0e+00, 0e+00, 0e+00, 2.734203577041626e+00, 5.7912578125e+03, 3.950568359375e+04, 1.26385671875e+05, 3.2671925e+05, 6.8448e+05, 1.230978625e+06, 1.990588625e+06, 2.97463775e+06, 4.17739e+06, 5.4919925e+06, 6.776629e+06, 8.0080385e+06, 9.268888e+06, 1.0695313e+07, 1.2362834e+07, 1.4278356e+07, 1.6361302e+07, 1.8434166e+07, 2.0339724e+07, 2.2026334e+07, 2.3536198e+07, 2.5061458e+07, 2.667812e+07, 2.8430854e+07, 3.036738e+07, 3.2542864e+07, 3.4973912e+07, 3.7732652e+07, 4.0721612e+07, 4.3842336e+07, 4.6971456e+07, 5.0034964e+07, 5.302034e+07, 5.5982192e+07, 5.9111064e+07, 6.2433376e+07, 6.588806e+07, 6.9321928e+07, 7.2374176e+07, 7.489528e+07, 7.6898296e+07, 7.8580256e+07, 8.0111728e+07, 8.1518352e+07, 8.2814536e+07, 8.4011048e+07, 8.5121064e+07, 8.6150568e+07, 8.7077856e+07, 8.7866456e+07, 8.847004e+07, 8.8847128e+07, 8.902092e+07, 8.9073688e+07, 8.9087088e+07, 8.9089008e+07, 8.908904e+07, 8.9089048e+07, 8.9089048e+07, 8.9089048e+07, 8.9089048e+07, 8.9089048e+07, 8.9089048e+07, 8.9089048e+07, 8.9089048e+07, 8.9089048e+07, 8.9089048e+07, 8.9089048e+07, 8.9089048e+07, 8.9089048e+07, 8.9089048e+07, 8.9089048e+07, 8.9089048e+07, 8.9089048e+07, 8.9089048e+07, 8.9089048e+07, 8.9089048e+07]
ELoa.y=[0e+00, -4.32e+05, -8.64e+05, -1.296e+06, -1.728e+06, -2.16e+06, -2.592e+06, -3.024e+06, -3.456e+06, -3.888e+06, -4.32e+06, -4.752e+06, -5.184e+06, -5.616e+06, -6.048e+06, -6.48e+06, -6.912e+06, -7.344e+06, -7.776e+06, -8.208e+06, -8.64e+06, -9.072e+06, -9.504e+06, -9.936e+06, -1.0368e+07, -1.08e+07, -1.1232e+07, -1.1664e+07, -1.2096e+07, -1.2528e+07, -1.296e+07, -1.3392e+07, -1.3824e+07, -1.4256e+07, -1.4688e+07, -1.512e+07, -1.5552e+07, -1.5984e+07, -1.6416e+07, -1.6848e+07, -1.728e+07, -1.7712e+07, -1.8144e+07, -1.8576e+07, -1.9008e+07, -1.944e+07, -1.9872e+07, -2.0304e+07, -2.0736e+07, -2.1168e+07, -2.16e+07, -2.2032e+07, -2.2464e+07, -2.2896e+07, -2.3328e+07, -2.376e+07, -2.4192e+07, -2.4624e+07, -2.5056e+07, -2.5488e+07, -2.592e+07, -2.6352e+07, -2.6784e+07, -2.7216e+07, -2.7648e+07, -2.808e+07, -2.8512e+07, -2.8944e+07, -2.9376e+07, -2.9808e+07, -3.024e+07, -3.0672e+07, -3.1104e+07, -3.1536e+07, -3.1968e+07, -3.24e+07, -3.2832e+07, -3.3264e+07, -3.3696e+07, -3.4128e+07, -3.456e+07, -3.4992e+07, -3.5424e+07, -3.5856e+07, -3.6288e+07, -3.672e+07, -3.7152e+07, -3.7584e+07, -3.8016e+07, -3.8448e+07, -3.888e+07, -3.9312e+07, -3.9744e+07, -4.0176e+07, -4.0608e+07, -4.104e+07, -4.1472e+07, -4.1904e+07, -4.2336e+07, -4.2768e+07, -4.32e+07]
EBat.y=[0e+00, -1.486295508569531e-28, 8.785230552644457e-29, 1.475886579443847e-28, -6.024912524710218e-29, -1.76357392970477e-28, -5.460052318349132e-29, 6.71563466034944e-29, 1.889132163904801e-28, 3.10670098214528e-28, 3.177561481847876e-28, 2.335003242364918e-28, 1.492444882511338e-28, 6.49886522657758e-29, -1.926717469178558e-29, -1.03523007667878e-28, -1.877788316161739e-28, -2.720346676015319e-28, -3.562904915498277e-28, -3.892965252318772e-28, -2.097649920737278e-29, -3.699970821857265e-29, -8.070360264768157e-29, 2.910770584331012e-30, 3.276315886973452e-29, -4.782406137365632e-31, 9.604074726444209e-30, 7.079980281669294e-29, 5.942124883802144e-31, -5.196546056736601e-30, -6.868904378295529e-30, -4.630697306646248e-30, 1.115270285480808e-33, -7.722926875e+05, -1.02736075e+06, -1.02736075e+06, -1.183219e+06, -2.17562975e+06, -3.40856625e+06, -4.8892085e+06, -6.53753e+06, -8.176669e+06, -9.649294e+06, -1.0903511e+07, -1.198044e+07, -1.3072219e+07, -1.4255004e+07, -1.5573486e+07, -1.7075002e+07, -1.8781856e+07, -2.0509856e+07, -2.2237856e+07, -2.3965856e+07, -2.5693856e+07, -2.7421856e+07, -2.9149856e+07, -3.0877856e+07, -3.2605856e+07, -3.4333856e+07, -3.6061856e+07, -3.7789856e+07, -3.9517856e+07, -4.1245856e+07, -4.2973856e+07, -4.453824e+07, -4.5787608e+07, -4.6886452e+07, -4.786056e+07, -4.8299824e+07, -4.8299824e+07, -4.8299824e+07, -4.8299824e+07, -4.8299824e+07, -4.8299824e+07, -4.8299824e+07, -4.8299824e+07, -4.8299824e+07, -4.8299824e+07, -4.8299824e+07, -4.8299824e+07, -4.8299824e+07, -4.8299824e+07, -4.8299824e+07, -4.8299824e+07, -4.8299824e+07, -4.8299824e+07, -4.8299824e+07, -4.8299824e+07, -4.8299824e+07, -4.8299824e+07, -4.8299824e+07, -4.8299824e+07, -4.8299824e+07, -4.8299824e+07, -4.8299824e+07, -4.8299824e+07, -4.8299824e+07, -4.8299824e+07, -4.8299824e+07, -4.8299824e+07, -4.8299824e+07]
