last-generated=2022-03-29
statistics-initialization=
{
  "linear": "8, 0, 6",
  "nonlinear": "1, 6, 0",
  "numerical Jacobians": "0"
}
statistics-simulation=
{
  "linear": "0, 6, 5, 0, 0",
  "nonlinear": "16, 0",
  "number of continuous time states": "36",
  "numerical Jacobians": "0"
}
time=[8.64e+04, 1.728e+05]
bld.mec.zon.thermalZoneFourElements.TAir=[2.931499938964844e+02, 2.930474548339844e+02, 2.930506286621094e+02, 2.930538635253906e+02, 2.930541076660156e+02, 2.93054443359375e+02, 2.930548095703125e+02, 2.9305517578125e+02, 2.930555114746094e+02, 2.930557556152344e+02, 2.930559997558594e+02, 2.930562438964844e+02, 2.930564575195312e+02, 2.930565490722656e+02, 2.930564270019531e+02, 2.930561828613281e+02, 2.930559692382812e+02, 2.930557556152344e+02, 2.930552062988281e+02, 2.930537109375e+02, 2.930513916015625e+02, 2.930490417480469e+02, 2.930472412109375e+02, 2.930460205078125e+02, 2.930449829101562e+02, 2.930440673828125e+02, 2.930434265136719e+02, 2.92997802734375e+02, 2.928726196289062e+02, 2.927927856445312e+02, 2.92804443359375e+02, 2.928046569824219e+02, 2.92805908203125e+02, 2.928214111328125e+02, 2.928709716796875e+02, 2.9296435546875e+02, 2.930506591796875e+02, 2.930466613769531e+02, 2.929858703613281e+02, 2.929444580078125e+02, 2.929230346679688e+02, 2.929190368652344e+02, 2.929303283691406e+02, 2.929457702636719e+02, 2.929575500488281e+02, 2.929548950195312e+02, 2.929309692382812e+02, 2.928956298828125e+02, 2.928674011230469e+02, 2.92859375e+02, 2.928695068359375e+02, 2.92883544921875e+02, 2.928901062011719e+02, 2.928831176757812e+02, 2.928667297363281e+02, 2.92849853515625e+02, 2.928369445800781e+02, 2.928286437988281e+02, 2.928240661621094e+02, 2.928209838867188e+02, 2.928190612792969e+02, 2.9281884765625e+02, 2.928191223144531e+02, 2.928184509277344e+02, 2.928160400390625e+02, 2.928117065429688e+02, 2.92804931640625e+02, 2.927950744628906e+02, 2.927836303710938e+02, 2.927725830078125e+02, 2.927638854980469e+02, 2.927580261230469e+02, 2.927540893554688e+02, 2.927513732910156e+02, 2.927490844726562e+02, 2.9274755859375e+02, 2.927469177246094e+02, 2.927472839355469e+02, 2.927485046386719e+02, 2.927503051757812e+02, 2.927525024414062e+02, 2.927554626464844e+02, 2.927594604492188e+02, 2.927638854980469e+02, 2.927674865722656e+02, 2.927699584960938e+02, 2.92771728515625e+02, 2.927735900878906e+02, 2.927761535644531e+02, 2.927799377441406e+02, 2.927846374511719e+02, 2.927899169921875e+02, 2.927959289550781e+02, 2.928041381835938e+02, 2.928160400390625e+02, 2.928294677734375e+02, 2.928393249511719e+02, 2.928359985351562e+02, 2.928073425292969e+02, 2.927586364746094e+02, 2.927142639160156e+02]
weaDat.weaBus.TDryBul=[2.738500061035156e+02, 2.737804870605469e+02, 2.737409973144531e+02, 2.737297668457031e+02, 2.737449951171875e+02, 2.738358764648438e+02, 2.740363464355469e+02, 2.742438659667969e+02, 2.743534240722656e+02, 2.743179931640625e+02, 2.742699890136719e+02, 2.742219848632812e+02, 2.741740112304688e+02, 2.741260070800781e+02, 2.740780029296875e+02, 2.740299987792969e+02, 2.739819946289062e+02, 2.739288940429688e+02, 2.738176879882812e+02, 2.736694030761719e+02, 2.735288696289062e+02, 2.734399719238281e+02, 2.733942565917969e+02, 2.733684387207031e+02, 2.733558959960938e+02, 2.733500061035156e+02, 2.733538513183594e+02, 2.733728332519531e+02, 2.734036254882812e+02, 2.7344287109375e+02, 2.735323486328125e+02, 2.737164611816406e+02, 2.739309997558594e+02, 2.741098022460938e+02, 2.741481018066406e+02, 2.7396240234375e+02, 2.737052917480469e+02, 2.735433044433594e+02, 2.736477966308594e+02, 2.740686645507812e+02, 2.746046752929688e+02, 2.750334777832031e+02, 2.751580505371094e+02, 2.751579895019531e+02, 2.751412048339844e+02, 2.751327209472656e+02, 2.751570739746094e+02, 2.752098693847656e+02, 2.752696838378906e+02, 2.753214111328125e+02, 2.753500061035156e+02, 2.753402404785156e+02, 2.753034973144531e+02, 2.752647094726562e+02, 2.752486877441406e+02, 2.752657470703125e+02, 2.752943420410156e+02, 2.753243713378906e+02, 2.753462219238281e+02, 2.753534851074219e+02, 2.753536071777344e+02, 2.753509216308594e+02, 2.753492736816406e+02, 2.753548583984375e+02, 2.753795471191406e+02, 2.754128112792969e+02, 2.754408874511719e+02, 2.754394226074219e+02, 2.752943725585938e+02, 2.750710754394531e+02, 2.748875122070312e+02, 2.748580017089844e+02, 2.74906005859375e+02, 2.749540100097656e+02, 2.750020141601562e+02, 2.750499877929688e+02, 2.750979919433594e+02, 2.7514599609375e+02, 2.751940002441406e+02, 2.752420043945312e+02, 2.752752685546875e+02, 2.752706298828125e+02, 2.752345886230469e+02, 2.751742858886719e+02, 2.750801086425781e+02, 2.749237060546875e+02, 2.7474755859375e+02, 2.745990600585938e+02, 2.745170593261719e+02, 2.744721984863281e+02, 2.74438232421875e+02, 2.743945922851562e+02, 2.743219299316406e+02, 2.742249145507812e+02, 2.741194152832031e+02, 2.740193481445312e+02, 2.739380187988281e+02, 2.738681945800781e+02, 2.738080749511719e+02, 2.737658996582031e+02, 2.7375e+02]
bld.mec.zon.TMin=[2.911499938964844e+02, 2.911499938964844e+02]
bld.mec.zon.TMax=[2.951499938964844e+02, 2.951499938964844e+02]
bld.mec.zon.T0=[2.931499938964844e+02, 2.931499938964844e+02]
PGriRea.y=[2.255700378417969e+02, 1.398954629898071e+00, 1.38316798210144e+00, 1.364941358566284e+00, 1.34341025352478e+00, 1.325198173522949e+00, 1.307339549064636e+00, 1.290810704231262e+00, 1.275955438613892e+00, 1.257834792137146e+00, 1.240139722824097e+00, 1.229165196418762e+00, 1.229173541069031e+00, 1.236539959907532e+00, 1.24217689037323e+00, 1.24668824672699e+00, 1.249974012374878e+00, 1.315781712532043e+00, 1.535023212432861e+00, 1.754042863845825e+00, 1.919142961502075e+00, 1.982463121414185e+00, 2.073006629943848e+00, 2.154308080673218e+00, 2.229943037033081e+00, 2.304635524749756e+00, 2.381426572799683e+00, 9.63156494140625e+02, 9.248058471679688e+02, 9.144404907226562e+02, 9.188992919921875e+02, 9.17889404296875e+02, 8.750314331054688e+02, 6.94599853515625e+02, 2.943327331542969e+02, -1.846645812988281e+02, -1.488612670898438e+02, 1.299365844726562e+02, 2.801041259765625e+02, 4.00172119140625e+02, 4.171728515625e+02, 3.686798400878906e+02, 3.02251220703125e+02, 2.4894189453125e+02, 2.410678100585938e+02, 3.612494201660156e+02, 5.217534790039062e+02, 6.627627563476562e+02, 7.093592529296875e+02, 6.673145141601562e+02, 6.041041870117188e+02, 5.671179809570312e+02, 5.864884033203125e+02, 6.542386474609375e+02, 7.205421142578125e+02, 7.723355712890625e+02, 8.0699462890625e+02, 8.197140502929688e+02, 8.320790405273438e+02, 8.405509033203125e+02, 8.421925048828125e+02, 8.424682006835938e+02, 8.456358642578125e+02, 8.5537744140625e+02, 8.711373901367188e+02, 8.931094360351562e+02, 9.3278955078125e+02, 9.786399536132812e+02, 1.023477783203125e+03, 1.053646484375e+03, 1.0741083984375e+03, 1.08557861328125e+03, 1.094296020507812e+03, 1.101782592773438e+03, 1.106831909179688e+03, 1.108662841796875e+03, 1.107196899414062e+03, 1.102681274414062e+03, 1.096244873046875e+03, 1.088986938476562e+03, 1.0797294921875e+03, 1.066316528320312e+03, 1.05134765625e+03, 1.037307983398438e+03, 1.027561767578125e+03, 1.019702453613281e+03, 1.01164892578125e+03, 1.002434631347656e+03, 9.89676513671875e+02, 9.739668579101562e+02, 9.565633544921875e+02, 9.367141723632812e+02, 9.127200317382812e+02, 8.722822875976562e+02, 8.266347045898438e+02, 7.918200073242188e+02, 7.852041015625e+02, 8.819411010742188e+02, 1.047110595703125e+03, 1.199274536132812e+03, 1.262468017578125e+03]
Ppv.y=[0e+00, 0e+00, 0e+00, 0e+00, 0e+00, 0e+00, 0e+00, 0e+00, 0e+00, 0e+00, 0e+00, 0e+00, 0e+00, 0e+00, 0e+00, 0e+00, 0e+00, 0e+00, 0e+00, 0e+00, 0e+00, 0e+00, 0e+00, 0e+00, 0e+00, 0e+00, 0e+00, 0e+00, 0e+00, 0e+00, 0e+00, 0e+00, 4.22267951965332e+01, 2.236882781982422e+02, 6.376763305664062e+02, 1.165789794921875e+03, 1.194807006835938e+03, 9.391859741210938e+02, 7.718372802734375e+02, 6.374674682617188e+02, 6.081126708984375e+02, 6.490479736328125e+02, 7.135802612304688e+02, 7.66148681640625e+02, 7.7117919921875e+02, 6.422254028320312e+02, 4.638704223632812e+02, 2.938081665039062e+02, 2.177176208496094e+02, 2.397901916503906e+02, 2.973548583984375e+02, 3.514087829589844e+02, 3.628435668945312e+02, 3.230600280761719e+02, 2.688595275878906e+02, 2.1688720703125e+02, 1.835531921386719e+02, 1.730867767333984e+02, 1.637999877929688e+02, 1.545138397216797e+02, 1.452291412353516e+02, 1.3594677734375e+02, 1.266677169799805e+02, 1.173930511474609e+02, 1.08124153137207e+02, 9.671495819091797e+01, 6.942529296875e+01, 3.514686965942383e+01, 7.742922782897949e+00, 0e+00, 0e+00, 0e+00, 0e+00, 0e+00, 0e+00, 0e+00, 0e+00, 0e+00, 0e+00, 0e+00, 0e+00, 0e+00, 0e+00, 0e+00, 0e+00, 0e+00, 0e+00, 0e+00, 0e+00, 0e+00, 0e+00, 0e+00, 0e+00, 0e+00, 0e+00, 0e+00, 0e+00, 0e+00, 0e+00, 0e+00, 0e+00]
PBat.y=[-0e+00, 7.690037231445312e+02, 7.623370971679688e+02, 7.57421875e+02, 7.514981079101562e+02, 7.458890380859375e+02, 7.406092529296875e+02, 7.356173095703125e+02, 7.309614868164062e+02, 7.264202880859375e+02, 7.214212036132812e+02, 7.169481811523438e+02, 7.140864868164062e+02, 7.136275024414062e+02, 7.143406372070312e+02, 7.154647827148438e+02, 7.165704345703125e+02, 7.1961181640625e+02, 7.476669311523438e+02, 7.940996704101562e+02, 8.425670776367188e+02, 8.772269287109375e+02, 9.015016479492188e+02, 9.22714599609375e+02, 9.414442749023438e+02, 9.58620361328125e+02, 9.749244995117188e+02, -3.473871375614038e-16, -1.077504716010927e-24, 4.037158047390636e-30, 1.889564704213404e-32, 1.433697562452157e-32, -8.237282540858934e-32, 1.925550377261355e-31, 5.394830230584718e-31, -2.583598462521166e-32, -1.860781696475963e-32, -1.028633611454e-31, -2.581239245359066e-32, -3.345589753301873e-32, -1.247972041109807e-30, 1.957831725913406e-25, -5.453528540993029e-32, 2.634584354493732e-32, -4.333676656077296e-33, 2.029785311092767e-32, 7.136011842083443e-33, 5.145963838928062e-29, -1.347703685470577e-32, -2.765149744649028e-32, 3.273737073360685e-32, 3.914970205639611e-29, -6.028006124915028e-30, -9.066281509428886e-29, 5.110585589185263e-28, 2.181622347103523e-30, -1.078243540269154e-29, -1.425597524754228e-32, 1.769961878218438e-28, -3.958844695332075e-29, 2.870982082909351e-28, -1.951790127974252e-28, -2.475991714315763e-27, 1.037610164978178e-28, 2.639097950933941e-28, -2.394851996869237e-28, -3.068938671872572e-29, 9.188595213711043e-30, 9.392513579002425e-29, -1.391048511514493e-31, -1.466273059385195e-29, -2.750647847167087e-31, -6.028682457344717e-30, 8.337084597331318e-31, 1.085504615893957e-30, 3.11042820577863e-30, 2.943659599713347e-30, 1.308387807539387e-32, -1.573886050123878e-29, 4.679287240205284e-29, -1.00951116306245e-29, -1.872444011029341e-29, -5.198139808904565e-28, 8.844993136830092e-31, -4.527569099570641e-29, -1.880698155566465e-28, -5.621343007892125e-30, -2.117333338542927e-31, -8.581360757604156e-33, 8.092724359825037e-32, 1.485964188433786e-29, -9.370982190037735e-32, -3.088325761658311e-32, -5.342906425775563e-29, -8.284198724452159e-33, 9.443175175593486e-32, -5.345899984358152e-33, -2.256287585358149e-31, 1.199612169662741e-28, 2.53624209743586e-30, -3.69458844951581e-29]
PHeaPum.y=[-0e+00, 5.420980834960938e+02, 5.429534912109375e+02, 5.433161010742188e+02, 5.422966918945312e+02, 5.4200390625e+02, 5.414523315429688e+02, 5.407904052734375e+02, 5.402890625e+02, 5.401610107421875e+02, 5.401455078125e+02, 5.401930541992188e+02, 5.402739868164062e+02, 5.404796752929688e+02, 5.414070434570312e+02, 5.426744995117188e+02, 5.438540649414062e+02, 5.448082885742188e+02, 5.455800170898438e+02, 5.459866333007812e+02, 5.460740966796875e+02, 5.460594482421875e+02, 5.460358276367188e+02, 5.459021606445312e+02, 5.455869140625e+02, 5.453663940429688e+02, 5.437655029296875e+02, 5.082080078125e+02, 4.560218505859375e+02, 4.37955810546875e+02, 4.408759460449219e+02, 4.39227294921875e+02, 4.382752685546875e+02, 4.389739685058594e+02, 4.457475891113281e+02, 4.685509338378906e+02, 5.040863647460938e+02, 5.080831298828125e+02, 4.889426879882812e+02, 4.7765771484375e+02, 4.697105102539062e+02, 4.670856323242188e+02, 4.697796630859375e+02, 4.738040466308594e+02, 4.765491333007812e+02, 4.746861267089844e+02, 4.650386047363281e+02, 4.499606323242188e+02, 4.381096496582031e+02, 4.333894348144531e+02, 4.342637634277344e+02, 4.378321838378906e+02, 4.381974182128906e+02, 4.339664611816406e+02, 4.272951965332031e+02, 4.247464599609375e+02, 4.245501098632812e+02, 4.257969360351562e+02, 4.283504028320312e+02, 4.294886169433594e+02, 4.302225036621094e+02, 4.316352844238281e+02, 4.330652770996094e+02, 4.33684814453125e+02, 4.331552124023438e+02, 4.318869323730469e+02, 4.298467102050781e+02, 4.258627319335938e+02, 4.194372253417969e+02, 4.134685974121094e+02, 4.084917907714844e+02, 4.04763427734375e+02, 4.038459777832031e+02, 4.032330322265625e+02, 4.027048950195312e+02, 4.024592895507812e+02, 4.03232177734375e+02, 4.045736694335938e+02, 4.062937622070312e+02, 4.081733093261719e+02, 4.10012939453125e+02, 4.11969970703125e+02, 4.143650817871094e+02, 4.173128051757812e+02, 4.223408203125e+02, 4.281405334472656e+02, 4.338380126953125e+02, 4.395772094726562e+02, 4.438667602539062e+02, 4.467592468261719e+02, 4.499815063476562e+02, 4.535221557617188e+02, 4.577191467285156e+02, 4.626040344238281e+02, 4.68611572265625e+02, 4.744918212890625e+02, 4.785166931152344e+02, 4.77767333984375e+02, 4.659061584472656e+02, 4.480541687011719e+02, 4.352783508300781e+02]
PPum.y=[0e+00, 1.31853723526001e+01, 1.318882274627686e+01, 1.318791770935059e+01, 1.31788501739502e+01, 1.31759729385376e+01, 1.317075538635254e+01, 1.316462802886963e+01, 1.31599702835083e+01, 1.315860557556152e+01, 1.315820407867432e+01, 1.315834045410156e+01, 1.315879535675049e+01, 1.31604700088501e+01, 1.3168625831604e+01, 1.317983627319336e+01, 1.31903133392334e+01, 1.31988353729248e+01, 1.320613765716553e+01, 1.321132183074951e+01, 1.321479034423828e+01, 1.321750450134277e+01, 1.32194881439209e+01, 1.321982002258301e+01, 1.321826553344727e+01, 1.32174654006958e+01, 1.320400428771973e+01, 1.294231796264648e+01, 1.266913986206055e+01, 1.2619460105896e+01, 1.262914562225342e+01, 1.261684894561768e+01, 1.260971450805664e+01, 1.260376644134521e+01, 1.261490726470947e+01, 1.270145416259766e+01, 1.288019371032715e+01, 1.290416717529297e+01, 1.281555843353271e+01, 1.277191829681396e+01, 1.273415756225586e+01, 1.272043418884277e+01, 1.27310848236084e+01, 1.274680042266846e+01, 1.275584316253662e+01, 1.274281692504883e+01, 1.269247817993164e+01, 1.261645126342773e+01, 1.255958843231201e+01, 1.253613948822021e+01, 1.253544235229492e+01, 1.254844856262207e+01, 1.254514312744141e+01, 1.252176952362061e+01, 1.249034118652344e+01, 1.248635959625244e+01, 1.249442958831787e+01, 1.250863075256348e+01, 1.252877426147461e+01, 1.253840637207031e+01, 1.25447940826416e+01, 1.255448055267334e+01, 1.25638370513916e+01, 1.256833171844482e+01, 1.256641864776611e+01, 1.256099319458008e+01, 1.255212593078613e+01, 1.25324592590332e+01, 1.249841403961182e+01, 1.246773719787598e+01, 1.244225978851318e+01, 1.242305755615234e+01, 1.242008876800537e+01, 1.241808795928955e+01, 1.241633796691895e+01, 1.241587066650391e+01, 1.2421217918396e+01, 1.242945861816406e+01, 1.243953418731689e+01, 1.245025825500488e+01, 1.246051502227783e+01, 1.247110939025879e+01, 1.24838924407959e+01, 1.250004100799561e+01, 1.253078174591064e+01, 1.256800651550293e+01, 1.260592174530029e+01, 1.264494037628174e+01, 1.26735200881958e+01, 1.269146347045898e+01, 1.271121215820312e+01, 1.273300170898438e+01, 1.275931167602539e+01, 1.278935623168945e+01, 1.282504653930664e+01, 1.28582067489624e+01, 1.287998199462891e+01, 1.287498760223389e+01, 1.280652046203613e+01, 1.271407890319824e+01, 1.265937995910645e+01]
POth.y=[2.252321319580078e+02, 2.136204528808594e+02, 2.061050720214844e+02, 2.008288421630859e+02, 1.959346771240234e+02, 1.906243438720703e+02, 1.859033660888672e+02, 1.815816497802734e+02, 1.774343109130859e+02, 1.730212249755859e+02, 1.680386352539062e+02, 1.635233001708984e+02, 1.60590576171875e+02, 1.599332275390625e+02, 1.597138214111328e+02, 1.595597534179688e+02, 1.594747009277344e+02, 1.616078643798828e+02, 1.889983215332031e+02, 2.350565338134766e+02, 2.833969421386719e+02, 3.179812316894531e+02, 3.422586059570312e+02, 3.63588134765625e+02, 3.826216735839844e+02, 4.00010986328125e+02, 4.179263305664062e+02, 4.358602600097656e+02, 4.504479064941406e+02, 4.583244018554688e+02, 4.5979931640625e+02, 4.60462646484375e+02, 4.609949340820312e+02, 4.619478149414062e+02, 4.688732299804688e+02, 4.923012084960938e+02, 5.20736083984375e+02, 5.411810913085938e+02, 5.4398095703125e+02, 5.4141943359375e+02, 5.372128295898438e+02, 5.32317138671875e+02, 5.276126098632812e+02, 5.227059326171875e+02, 5.171204223632812e+02, 5.105933227539062e+02, 5.02736328125e+02, 4.889642944335938e+02, 4.71532958984375e+02, 4.565760498046875e+02, 4.502273254394531e+02, 4.636112365722656e+02, 4.937453918457031e+02, 5.25603515625e+02, 5.441593017578125e+02, 5.463970336914062e+02, 5.477904663085938e+02, 5.487197875976562e+02, 5.49154296875e+02, 5.471688232421875e+02, 5.388455810546875e+02, 5.284922485351562e+02, 5.2098095703125e+02, 5.207822875976562e+02, 5.276880493164062e+02, 5.39345458984375e+02, 5.535068969726562e+02, 5.687667236328125e+02, 5.922835083007812e+02, 6.203572998046875e+02, 6.455336303710938e+02, 6.60587646484375e+02, 6.70099853515625e+02, 6.780926513671875e+02, 6.835980834960938e+02, 6.856483154296875e+02, 6.834255981445312e+02, 6.776261596679688e+02, 6.6955322265625e+02, 6.605098266601562e+02, 6.495353393554688e+02, 6.34344970703125e+02, 6.171778564453125e+02, 6.003681640625e+02, 5.856962280273438e+02, 5.721063842773438e+02, 5.584256591796875e+02, 5.43555908203125e+02, 5.266477661132812e+02, 5.08231689453125e+02, 4.878084411621094e+02, 4.646454162597656e+02, 4.367215576171875e+02, 3.918465270996094e+02, 3.406689758300781e+02, 3.003138427734375e+02, 2.897203674316406e+02, 3.86144287109375e+02, 5.611358642578125e+02, 7.2898486328125e+02, 8.039812622070312e+02]
bld.mec.heaPum.heaPum.TSet=[3.231499938964844e+02, 3.229560546875e+02, 3.22972900390625e+02, 3.229891052246094e+02, 3.229894714355469e+02, 3.229908447265625e+02, 3.229922180175781e+02, 3.229934997558594e+02, 3.229947204589844e+02, 3.22995849609375e+02, 3.229970092773438e+02, 3.229982299804688e+02, 3.229992980957031e+02, 3.229999694824219e+02, 3.230001220703125e+02, 3.230000305175781e+02, 3.229998474121094e+02, 3.229996032714844e+02, 3.229976501464844e+02, 3.229908447265625e+02, 3.229796142578125e+02, 3.229679870605469e+02, 3.229591674804688e+02, 3.229529418945312e+02, 3.229476928710938e+02, 3.229429626464844e+02, 3.229385986328125e+02, 3.22703125e+02, 3.220469055175781e+02, 3.216225891113281e+02, 3.216838989257812e+02, 3.216844177246094e+02, 3.2168896484375e+02, 3.217625427246094e+02, 3.220054931640625e+02, 3.22477783203125e+02, 3.229364624023438e+02, 3.229314575195312e+02, 3.226200561523438e+02, 3.224048156738281e+02, 3.22291259765625e+02, 3.222671813964844e+02, 3.223234252929688e+02, 3.224024353027344e+02, 3.224632263183594e+02, 3.224515380859375e+02, 3.223290100097656e+02, 3.221439819335938e+02, 3.219940490722656e+02, 3.219480590820312e+02, 3.21996826171875e+02, 3.220690307617188e+02, 3.221030883789062e+02, 3.220671997070312e+02, 3.219822082519531e+02, 3.218969116210938e+02, 3.218327331542969e+02, 3.217922668457031e+02, 3.217713928222656e+02, 3.217569885253906e+02, 3.21748046875e+02, 3.217478942871094e+02, 3.217503662109375e+02, 3.217478332519531e+02, 3.217357482910156e+02, 3.217137145996094e+02, 3.2167919921875e+02, 3.216279907226562e+02, 3.215668640136719e+02, 3.215076293945312e+02, 3.2146044921875e+02, 3.21428466796875e+02, 3.214080505371094e+02, 3.213941650390625e+02, 3.213824157714844e+02, 3.213745727539062e+02, 3.213719177246094e+02, 3.213746032714844e+02, 3.213818664550781e+02, 3.213922119140625e+02, 3.214044494628906e+02, 3.214204406738281e+02, 3.214418640136719e+02, 3.214658813476562e+02, 3.214878540039062e+02, 3.215046997070312e+02, 3.215180969238281e+02, 3.215318298339844e+02, 3.215477294921875e+02, 3.21568603515625e+02, 3.215941162109375e+02, 3.21622802734375e+02, 3.216557006835938e+02, 3.216994018554688e+02, 3.217622680664062e+02, 3.218330688476562e+02, 3.218854370117188e+02, 3.218712158203125e+02, 3.217244873046875e+02, 3.214723815917969e+02, 3.212419738769531e+02]
bld.mec.heaPum.conHeaPum.TMin=[3.131499938964844e+02, 3.131499938964844e+02]
bld.mec.heaPum.conHeaPum.TMax=[3.331499938964844e+02, 3.331499938964844e+02]
bld.mec.heaPum.conHeaPum.T0=[3.231499938964844e+02, 3.231499938964844e+02]
EGri.y=[0e+00, 2.62546328125e+04, 2.7456935546875e+04, 2.865030078125e+04, 2.9820234375e+04, 3.0973076171875e+04, 3.2110236328125e+04, 3.3232546875e+04, 3.434126171875e+04, 3.54365625e+04, 3.651542578125e+04, 3.758173828125e+04, 3.864299609375e+04, 3.97085703125e+04, 4.0779390625e+04, 4.18546875e+04, 4.293331640625e+04, 4.402329296875e+04, 4.52530546875e+04, 4.667571484375e+04, 4.826882421875e+04, 4.995908984375e+04, 5.17123828125e+04, 5.35394453125e+04, 5.54336953125e+04, 5.739250390625e+04, 5.941462109375e+04, 3.5404025e+05, 1.1694395e+06, 1.956832625e+06, 2.74943575e+06, 3.54305475e+06, 4.326364e+06, 5.0175155e+06, 5.461406e+06, 5.489705e+06, 5.278386e+06, 5.281515e+06, 5.4659925e+06, 5.7652395e+06, 6.1249455e+06, 6.46697e+06, 6.756851e+06, 6.993022e+06, 7.1991955e+06, 7.452509e+06, 7.832011e+06, 8.3478225e+06, 8.949928e+06, 9.547457e+06, 1.0096775e+07, 1.0599425e+07, 1.1093027e+07, 1.1628162e+07, 1.2223163e+07, 1.2868787e+07, 1.3552989e+07, 1.4256113e+07, 1.496967e+07, 1.5693003e+07, 1.6420224e+07, 1.7147944e+07, 1.787686e+07, 1.8611292e+07, 1.9356818e+07, 2.011827e+07, 2.0906206e+07, 2.1732288e+07, 2.2597852e+07, 2.3496946e+07, 2.441673e+07, 2.535055e+07, 2.6292368e+07, 2.724138e+07, 2.8195854e+07, 2.915327e+07, 3.0110734e+07, 3.1065506e+07, 3.2015526e+07, 3.2959562e+07, 3.3896736e+07, 3.4823916e+07, 3.573856e+07, 3.6640528e+07, 3.7532016e+07, 3.8416308e+07, 3.9293716e+07, 4.0163712e+07, 4.1024632e+07, 4.1872844e+07, 4.270698e+07, 4.3524948e+07, 4.4324428e+07, 4.50963e+07, 4.5829516e+07, 4.6527212e+07, 4.7205132e+07, 4.7917448e+07, 4.8748976e+07, 4.972346e+07, 5.0796244e+07]
Epv.y=[0e+00, 0e+00, 0e+00, 0e+00, 0e+00, 0e+00, 0e+00, 0e+00, 0e+00, 0e+00, 0e+00, 0e+00, 0e+00, 0e+00, 0e+00, 0e+00, 0e+00, 0e+00, 0e+00, 0e+00, 0e+00, 0e+00, 0e+00, 0e+00, 0e+00, 0e+00, 0e+00, 0e+00, 0e+00, 0e+00, 0e+00, 0e+00, 9.400396484375e+03, 1.112165625e+05, 4.6423521875e+05, 1.259696e+06, 2.3471705e+06, 3.26180925e+06, 3.99476475e+06, 4.5979845e+06, 5.129275e+06, 5.669266e+06, 6.257591e+06, 6.8988385e+06, 7.56871e+06, 8.186796e+06, 8.667364e+06, 8.990944e+06, 9.202202e+06, 9.396006e+06, 9.626922e+06, 9.908875e+06, 1.0221887e+07, 1.0519822e+07, 1.077595e+07, 1.0984903e+07, 1.1155902e+07, 1.1309504e+07, 1.1455039e+07, 1.1592525e+07, 1.1721974e+07, 1.1843337e+07, 1.1956785e+07, 1.2062153e+07, 1.2159567e+07, 1.2248624e+07, 1.2321274e+07, 1.2366291e+07, 1.2383666e+07, 1.2385333e+07, 1.2385333e+07, 1.2385333e+07, 1.2385333e+07, 1.2385333e+07, 1.2385333e+07, 1.2385333e+07, 1.2385333e+07, 1.2385333e+07, 1.2385333e+07, 1.2385333e+07, 1.2385333e+07, 1.2385333e+07, 1.2385333e+07, 1.2385333e+07, 1.2385333e+07, 1.2385333e+07, 1.2385333e+07, 1.2385333e+07, 1.2385333e+07, 1.2385333e+07, 1.2385333e+07, 1.2385333e+07, 1.2385333e+07, 1.2385333e+07, 1.2385333e+07, 1.2385333e+07, 1.2385333e+07, 1.2385333e+07, 1.2385333e+07, 1.2385333e+07, 1.2385333e+07]
EBat.y=[0e+00, 6.44784625e+05, 1.306188375e+06, 1.9633515e+06, 2.615203e+06, 3.2620345e+06, 3.904183e+06, 4.5418915e+06, 5.1754265e+06, 5.8050575e+06, 6.4305265e+06, 7.051829e+06, 7.6698885e+06, 8.286515e+06, 8.903348e+06, 9.521014e+06, 1.0139662e+07, 1.0759404e+07, 1.1391334e+07, 1.2056647e+07, 1.2764122e+07, 1.3508568e+07, 1.4277301e+07, 1.5065608e+07, 1.5871067e+07, 1.6691971e+07, 1.7527202e+07, 1.8078178e+07, 1.8078178e+07, 1.8078178e+07, 1.8078178e+07, 1.8078178e+07, 1.8078178e+07, 1.8078178e+07, 1.8078178e+07, 1.8078178e+07, 1.8078178e+07, 1.8078178e+07, 1.8078178e+07, 1.8078178e+07, 1.8078178e+07, 1.8078178e+07, 1.8078178e+07, 1.8078178e+07, 1.8078178e+07, 1.8078178e+07, 1.8078178e+07, 1.8078178e+07, 1.8078178e+07, 1.8078178e+07, 1.8078178e+07, 1.8078178e+07, 1.8078178e+07, 1.8078178e+07, 1.8078178e+07, 1.8078178e+07, 1.8078178e+07, 1.8078178e+07, 1.8078178e+07, 1.8078178e+07, 1.8078178e+07, 1.8078178e+07, 1.8078178e+07, 1.8078178e+07, 1.8078178e+07, 1.8078178e+07, 1.8078178e+07, 1.8078178e+07, 1.8078178e+07, 1.8078178e+07, 1.8078178e+07, 1.8078178e+07, 1.8078178e+07, 1.8078178e+07, 1.8078178e+07, 1.8078178e+07, 1.8078178e+07, 1.8078178e+07, 1.8078178e+07, 1.8078178e+07, 1.8078178e+07, 1.8078178e+07, 1.8078178e+07, 1.8078178e+07, 1.8078178e+07, 1.8078178e+07, 1.8078178e+07, 1.8078178e+07, 1.8078178e+07, 1.8078178e+07, 1.8078178e+07, 1.8078178e+07, 1.8078178e+07, 1.8078178e+07, 1.8078178e+07, 1.8078178e+07, 1.8078178e+07, 1.8078178e+07, 1.8078178e+07, 1.8078178e+07, 1.8078178e+07]
EHeaPum.y=[0e+00, 4.684263125e+05, 9.372616875e+05, 1.40724975e+06, 1.876194125e+06, 2.344621e+06, 2.81268875e+06, 3.2802185e+06, 3.7472235e+06, 4.213961e+06, 4.680649e+06, 5.147352e+06, 5.6141125e+06, 6.080965e+06, 6.5482965e+06, 7.0166145e+06, 7.486008e+06, 7.9563255e+06, 8.427391e+06, 8.89898e+06, 9.370764e+06, 9.842569e+06, 1.0314359e+07, 1.078609e+07, 1.125762e+07, 1.1728891e+07, 1.2199411e+07, 1.2661435e+07, 1.307743e+07, 1.3455996e+07, 1.3836122e+07, 1.4216421e+07, 1.4595399e+07, 1.497441e+07, 1.5355596e+07, 1.5748828e+07, 1.6168838e+07, 1.6609148e+07, 1.7040024e+07, 1.7457236e+07, 1.7866256e+07, 1.8270398e+07, 1.8674868e+07, 1.9082514e+07, 1.949323e+07, 1.9904688e+07, 2.0311294e+07, 2.0706466e+07, 2.1089696e+07, 2.146562e+07, 2.1840234e+07, 2.2217098e+07, 2.2595858e+07, 2.2972922e+07, 2.334502e+07, 2.3712728e+07, 2.4079526e+07, 2.4446756e+07, 2.4815696e+07, 2.5186532e+07, 2.5557878e+07, 2.593019e+07, 2.630376e+07, 2.6678314e+07, 2.7052846e+07, 2.7426576e+07, 2.779891e+07, 2.8168904e+07, 2.8534022e+07, 2.889373e+07, 2.9248686e+07, 2.9599806e+07, 2.9949078e+07, 3.0297722e+07, 3.0645854e+07, 3.0993652e+07, 3.1341682e+07, 3.1690642e+07, 3.204092e+07, 3.2392768e+07, 3.2746246e+07, 3.3101342e+07, 3.345832e+07, 3.38176e+07, 3.4180128e+07, 3.4547632e+07, 3.4920128e+07, 3.5297568e+07, 3.56796e+07, 3.6064364e+07, 3.645174e+07, 3.684204e+07, 3.7235636e+07, 3.7633196e+07, 3.803546e+07, 3.844302e+07, 3.885482e+07, 3.9268684e+07, 3.9677132e+07, 4.0071936e+07, 4.0452776e+07]
EPum.y=[0e+00, 1.1882169921875e+04, 2.32763125e+04, 3.467643359375e+04, 4.606651953125e+04, 5.74519140625e+04, 6.8833828125e+04, 8.02107109375e+04, 9.158275e+04, 1.029522265625e+05, 1.143210546875e+05, 1.256897734375e+05, 1.37058765625e+05, 1.48428375e+05, 1.5980215625e+05, 1.71184640625e+05, 1.82576671875e+05, 1.9397690625e+05, 2.05383953125e+05, 2.16796484375e+05, 2.28212640625e+05, 2.39631453125e+05, 2.5105234375e+05, 2.6247428125e+05, 2.73895625e+05, 2.8531565625e+05, 2.9672984375e+05, 3.0807528125e+05, 3.1913475e+05, 3.3001409375e+05, 3.40923875e+05, 3.518301875e+05, 3.6272765625e+05, 3.73621375e+05, 3.8451128125e+05, 3.9543803125e+05, 4.064845625e+05, 4.176398125e+05, 4.2875e+05, 4.398029375e+05, 4.50820875e+05, 4.618145625e+05, 4.7280840625e+05, 4.8381503125e+05, 4.948329375e+05, 5.05850875e+05, 5.1684228125e+05, 5.27774625e+05, 5.386485625e+05, 5.494874375e+05, 5.603176875e+05, 5.711546875e+05, 5.819965625e+05, 5.92826625e+05, 6.0363175e+05, 6.144195625e+05, 6.252108125e+05, 6.36011625e+05, 6.468275625e+05, 6.5765825e+05, 6.684939375e+05, 6.79336875e+05, 6.90188125e+05, 7.010459375e+05, 7.119044375e+05, 7.22759625e+05, 7.3360875e+05, 7.444474375e+05, 7.55260375e+05, 7.660451875e+05, 7.76805625e+05, 7.8754625e+05, 7.982783125e+05, 8.090084375e+05, 8.1973675e+05, 8.30464125e+05, 8.41193625e+05, 8.51929125e+05, 8.626724375e+05, 8.734248125e+05, 8.841864375e+05, 8.94956875e+05, 9.057374375e+05, 9.165304375e+05, 9.2734225e+05, 9.381854375e+05, 9.490613125e+05, 9.599705e+05, 9.70910875e+05, 9.818686875e+05, 9.928425625e+05, 1.003834375e+06, 1.0148465625e+06, 1.0258835625e+06, 1.0369489375e+06, 1.0480450625e+06, 1.05916425e+06, 1.070295e+06, 1.0813935e+06, 1.0924175e+06, 1.103374125e+06]
EOth.y=[0e+00, 1.8922253125e+05, 3.7031584375e+05, 5.4601725e+05, 7.174579375e+05, 8.8440275e+05, 1.0470290625e+06, 1.20576025e+06, 1.36084975e+06, 1.512306125e+06, 1.659650125e+06, 1.802814625e+06, 1.942685625e+06, 2.08103975e+06, 2.219123e+06, 2.3570445e+06, 2.49486225e+06, 2.63285e+06, 2.782365e+06, 2.96480025e+06, 3.18919775e+06, 3.4504845e+06, 3.73602475e+06, 4.04118225e+06, 4.36368e+06, 4.701874e+06, 5.0551465e+06, 5.4241275e+06, 5.807374e+06, 6.200566e+06, 6.597316e+06, 6.994899e+06, 7.3929585e+06, 7.7916195e+06, 8.192477e+06, 8.606876e+06, 9.044616e+06, 9.504417e+06, 9.974211e+06, 1.0443257e+07, 1.0909292e+07, 1.1371332e+07, 1.1829193e+07, 1.228297e+07, 1.2732227e+07, 1.3176267e+07, 1.3614169e+07, 1.4043068e+07, 1.4458034e+07, 1.4858512e+07, 1.5249411e+07, 1.5642458e+07, 1.6055428e+07, 1.649626e+07, 1.6959864e+07, 1.7431174e+07, 1.7903898e+07, 1.8377628e+07, 1.8851944e+07, 1.9326028e+07, 1.9795468e+07, 2.0256412e+07, 2.0709422e+07, 2.115888e+07, 2.1611426e+07, 2.2072222e+07, 2.2544298e+07, 2.3028976e+07, 2.35301e+07, 2.4054158e+07, 2.4601738e+07, 2.5167012e+07, 2.5742028e+07, 2.6324762e+07, 2.6913394e+07, 2.750526e+07, 2.8096938e+07, 2.868503e+07, 2.9267108e+07, 2.9841714e+07, 3.0407914e+07, 3.096264e+07, 3.1503114e+07, 3.2028772e+07, 3.2540828e+07, 3.3040778e+07, 3.3528912e+07, 3.4004756e+07, 3.446702e+07, 3.4913992e+07, 3.534444e+07, 3.5755984e+07, 3.614596e+07, 3.6504664e+07, 3.6820424e+07, 3.7095728e+07, 3.73472e+07, 3.7630628e+07, 3.8037292e+07, 3.859866e+07, 3.9270828e+07]
bld.mec.yEle=[-4.481258243322372e-02, -2.353786118328571e-02, -2.333436347544193e-02, -2.318300493061543e-02, -2.300065942108631e-02, -2.282841503620148e-02, -2.266612835228443e-02, -2.251274511218071e-02, -2.236979082226753e-02, -2.222962491214275e-02, -2.207575924694538e-02, -2.193903923034668e-02, -2.185296081006527e-02, -2.184061519801617e-02, -2.18631848692894e-02, -2.189789712429047e-02, -2.193180657923222e-02, -2.20363475382328e-02, -2.292350493371487e-02, -2.436238154768944e-02, -2.585054375231266e-02, -2.690316736698151e-02, -2.764919772744179e-02, -2.830132097005844e-02, -2.887767925858498e-02, -2.940713241696358e-02, -2.99107376486063e-02, -1.911823749542236e-01, -1.835779845714569e-01, -1.815225630998611e-01, -1.824067384004593e-01, -1.822064816951752e-01, -1.757430136203766e-01, -1.486976444721222e-01, -8.917773514986038e-02, -1.93655714392662e-02, -2.782892808318138e-02, -7.094915956258774e-02, -9.274984896183014e-02, -1.101415455341339e-01, -1.121106445789337e-01, -1.044534593820572e-01, -9.436549246311188e-02, -8.630529046058655e-02, -8.498453348875046e-02, -1.026558503508568e-01, -1.259471029043198e-01, -1.457520425319672e-01, -1.513370126485825e-01, -1.44061490893364e-01, -1.34293407201767e-01, -1.295539736747742e-01, -1.339419484138489e-01, -1.454649269580841e-01, -1.560088545084e-01, -1.637818664312363e-01, -1.690519154071808e-01, -1.710706353187561e-01, -1.730757355690002e-01, -1.743090450763702e-01, -1.741883307695389e-01, -1.737968325614929e-01, -1.739787310361862e-01, -1.75464078783989e-01, -1.781428158283234e-01, -1.81950107216835e-01, -1.885040551424026e-01, -1.959445476531982e-01, -2.035146057605743e-01, -2.091226130723953e-01, -2.131787985563278e-01, -2.154524773359299e-01, -2.171804457902908e-01, -2.186644077301025e-01, -2.196652442216873e-01, -2.200281620025635e-01, -2.197375893592834e-01, -2.188425213098526e-01, -2.175667434930801e-01, -2.161280810832977e-01, -2.142930626869202e-01, -2.116342335939407e-01, -2.086669057607651e-01, -2.058836817741394e-01, -2.039515227079391e-01, -2.023934125900269e-01, -2.007967680692673e-01, -1.989699900150299e-01, -1.964405328035355e-01, -1.933257877826691e-01, -1.898750960826874e-01, -1.859393119812012e-01, -1.81181401014328e-01, -1.731622368097305e-01, -1.641090214252472e-01, -1.572036445140839e-01, -1.558913439512253e-01, -1.750777363777161e-01, -2.078269571065903e-01, -2.379865795373917e-01, -2.505087852478027e-01]
bld.mec.conFlu.yOut=[0e+00, -1.933383569121361e-02, -1.769625768065453e-02, -1.608965918421745e-02, -1.605197787284851e-02, -1.591436937451363e-02, -1.577464118599892e-02, -1.564657688140869e-02, -1.552674919366837e-02, -1.541312877088785e-02, -1.529722101986408e-02, -1.517594046890736e-02, -1.506892964243889e-02, -1.50033850222826e-02, -1.498664449900389e-02, -1.499804481863976e-02, -1.501643285155296e-02, -1.503906492143869e-02, -1.524183619767427e-02, -1.593143865466118e-02, -1.706151477992535e-02, -1.821976155042648e-02, -1.909570023417473e-02, -1.971527375280857e-02, -2.024102956056595e-02, -2.071275934576988e-02, -2.114845998585224e-02, -4.591747000813484e-02, -1.114224940538406e-01, -1.525665521621704e-01, -1.465616524219513e-01, -1.465721428394318e-01, -1.460558325052261e-01, -1.384990513324738e-01, -1.138062998652458e-01, -6.626112014055252e-02, -2.089858986437321e-02, -2.225599251687527e-02, -5.351032316684723e-02, -7.479862868785858e-02, -8.600682020187378e-02, -8.823505043983459e-02, -8.252166956663132e-02, -7.462187111377716e-02, -6.860947608947754e-02, -6.996965408325195e-02, -8.240457624197006e-02, -1.009209379553795e-01, -1.157796010375023e-01, -1.201773211359978e-01, -1.151833161711693e-01, -1.079875230789185e-01, -1.04690857231617e-01, -1.084003299474716e-01, -1.169439256191254e-01, -1.254440993070602e-01, -1.31818875670433e-01, -1.358254551887512e-01, -1.378878355026245e-01, -1.393226087093353e-01, -1.40202596783638e-01, -1.402050256729126e-01, -1.399605274200439e-01, -1.402278393507004e-01, -1.414547711610794e-01, -1.436754912137985e-01, -1.471580862998962e-01, -1.523028165102005e-01, -1.584251075983047e-01, -1.643341928720474e-01, -1.690244823694229e-01, -1.721992790699005e-01, -1.742230802774429e-01, -1.756069362163544e-01, -1.767776310443878e-01, -1.775526106357574e-01, -1.778095662593842e-01, -1.775302737951279e-01, -1.767971515655518e-01, -1.757596135139465e-01, -1.745306998491287e-01, -1.729227751493454e-01, -1.707721650600433e-01, -1.683704853057861e-01, -1.661789417266846e-01, -1.645038574934006e-01, -1.63166731595993e-01, -1.617904305458069e-01, -1.601942032575607e-01, -1.580996215343475e-01, -1.555395871400833e-01, -1.526650637388229e-01, -1.493668705224991e-01, -1.449664682149887e-01, -1.386476904153824e-01, -1.315750032663345e-01, -1.263957917690277e-01, -1.280121654272079e-01, -1.429373323917389e-01, -1.682360023260117e-01, -1.911134719848633e-01]
