last-generated=2022-03-29
statistics-initialization=
{
  "linear": "3",
  "nonlinear": "1",
  "numerical Jacobians": "0"
}
statistics-simulation=
{
  "linear": "0, 2",
  "nonlinear": "0, 1",
  "number of continuous time states": "22",
  "numerical Jacobians": "0"
}
time=[0e+00, 8.64e+04]
thermoFluid.zon.thermalZoneOneElement.TAir=[2.951499938964844e+02, 2.984010009765625e+02, 2.985834655761719e+02, 2.987132263183594e+02, 2.985865783691406e+02, 2.98372802734375e+02, 2.981688537597656e+02, 2.98448486328125e+02, 2.987171630859375e+02, 2.984107971191406e+02, 2.982697143554688e+02, 2.986744079589844e+02, 2.984141540527344e+02, 2.983480834960938e+02, 2.987110595703124e+02, 2.9821728515625e+02, 2.985535888671875e+02, 2.984910888671876e+02, 2.983269653320312e+02, 2.986785583496094e+02, 2.982106323242188e+02, 2.987228088378906e+02, 2.981691284179688e+02, 2.987216186523438e+02, 2.98158935546875e+02, 2.9872265625e+02, 2.981780090332031e+02, 2.987216186523438e+02, 2.982296142578124e+02, 2.986315612792969e+02, 2.985992431640625e+02, 2.987415771484375e+02, 2.982560119628906e+02, 2.982116394042969e+02, 2.985118408203125e+02, 2.98489990234375e+02, 2.983544311523438e+02, 2.983726806640625e+02, 2.985244140625e+02, 2.987940673828125e+02, 2.989437255859375e+02, 2.988142700195312e+02, 2.985456237792969e+02, 2.983441162109375e+02, 2.985008850097656e+02, 2.984256896972656e+02, 2.983138732910156e+02, 2.984905700683594e+02, 2.98535888671875e+02, 2.984583129882812e+02, 2.982955627441406e+02, 2.981865234375e+02, 2.98407958984375e+02, 2.985331420898438e+02, 2.98379638671875e+02, 2.981692504882812e+02, 2.982463684082031e+02, 2.982457885742188e+02, 2.983447875976562e+02, 2.984859619140625e+02, 2.98721435546875e+02, 2.98742431640625e+02, 2.986068115234375e+02, 2.982726440429688e+02, 2.986304016113281e+02, 2.986430358886719e+02, 2.984971313476562e+02, 2.987345275878906e+02, 2.985890808105468e+02, 2.982780761718751e+02, 2.986522216796873e+02, 2.984729309082031e+02, 2.987598571777344e+02, 2.987647094726562e+02, 2.987651062011719e+02, 2.987635803222656e+02, 2.987508850097656e+02, 2.987156066894531e+02, 2.986535339355469e+02, 2.985791625976562e+02, 2.985018310546875e+02, 2.984595947265625e+02, 2.984755554199219e+02, 2.985446472167969e+02, 2.986347351074219e+02, 2.987144470214844e+02, 2.987545166015625e+02, 2.987651672363281e+02, 2.987616271972656e+02, 2.987147521972656e+02, 2.985894165039062e+02, 2.984161071777344e+02, 2.98225830078125e+02, 2.9818701171875e+02, 2.982184143066406e+02, 2.981844482421875e+02, 2.982185974121094e+02, 2.983839416503906e+02, 2.9856005859375e+02, 2.987384033203125e+02, 2.987273864746094e+02]
thermoFluid.zon.TMin=[2.881499938964844e+02, 2.881499938964844e+02]
thermoFluid.zon.TMax=[2.981499938964844e+02, 2.981499938964844e+02]
thermoFluid.zon.T0=[2.931499938964844e+02, 2.931499938964844e+02]
weaDat.weaBus.TDryBul=[2.609500122070312e+02, 2.608970947265625e+02, 2.608676452636719e+02, 2.608753967285156e+02, 2.609342651367188e+02, 2.610378723144531e+02, 2.61153564453125e+02, 2.612774658203125e+02, 2.614064331054688e+02, 2.615419921875e+02, 2.616917419433594e+02, 2.618442077636719e+02, 2.619866027832031e+02, 2.62093017578125e+02, 2.621011047363281e+02, 2.620587158203125e+02, 2.620299682617188e+02, 2.620775451660156e+02, 2.62211181640625e+02, 2.623743591308594e+02, 2.625067138671875e+02, 2.625499877929688e+02, 2.625499877929688e+02, 2.625499877929688e+02, 2.625499877929688e+02, 2.625499877929688e+02, 2.625499877929688e+02, 2.625499877929688e+02, 2.625499877929688e+02, 2.625499877929688e+02, 2.625875549316406e+02, 2.627120666503906e+02, 2.628901062011719e+02, 2.630865173339844e+02, 2.632776489257812e+02, 2.634906005859375e+02, 2.637460632324219e+02, 2.640627746582031e+02, 2.6446923828125e+02, 2.650023803710938e+02, 2.655892028808594e+02, 2.661426086425781e+02, 2.665859985351562e+02, 2.669939880371094e+02, 2.674020080566406e+02, 2.678099975585938e+02, 2.682179870605469e+02, 2.686260070800781e+02, 2.690339965820312e+02, 2.694419860839844e+02, 2.698500061035156e+02, 2.701971740722656e+02, 2.704558715820312e+02, 2.706758728027344e+02, 2.709069213867188e+02, 2.712052001953125e+02, 2.715532531738281e+02, 2.718607788085938e+02, 2.720364685058594e+02, 2.720499877929688e+02, 2.720499877929688e+02, 2.720499877929688e+02, 2.720499877929688e+02, 2.720499877929688e+02, 2.720499877929688e+02, 2.720499877929688e+02, 2.720499877929688e+02, 2.720499877929688e+02, 2.720499877929688e+02, 2.720499877929688e+02, 2.720499877929688e+02, 2.720480651855469e+02, 2.719675598144531e+02, 2.718063354492188e+02, 2.716164855957031e+02, 2.714500122070312e+02, 2.713160400390625e+02, 2.711899108886719e+02, 2.71072998046875e+02, 2.709666137695312e+02, 2.710076599121094e+02, 2.71330810546875e+02, 2.717365112304688e+02, 2.720188903808594e+02, 2.720211181640625e+02, 2.718473815917969e+02, 2.716227111816406e+02, 2.714658508300781e+02, 2.714859924316406e+02, 2.716591491699219e+02, 2.718775329589844e+02, 2.720336303710938e+02, 2.7202783203125e+02, 2.719024353027344e+02, 2.717281494140625e+02, 2.715556945800781e+02, 2.714362182617188e+02, 2.714127502441406e+02, 2.714474182128906e+02, 2.714799194335938e+02, 2.714500122070312e+02]
thermoFluid.heaPum.ena.y=[0e+00, 0e+00, 0e+00, 0e+00, 1e+00, 1e+00, 0e+00, 0e+00, 0e+00, 1e+00, 0e+00, 0e+00, 1e+00, 0e+00, 0e+00, 1e+00, 0e+00, 1e+00, 0e+00, 0e+00, 0e+00, 0e+00, 0e+00, 0e+00, 0e+00, 0e+00, 0e+00, 0e+00, 0e+00, 0e+00, 0e+00, 0e+00, 0e+00, 0e+00, 0e+00, 0e+00, 0e+00, 0e+00, 0e+00, 0e+00, 0e+00, 0e+00, 0e+00, 0e+00, 0e+00, 0e+00, 0e+00, 0e+00, 0e+00, 0e+00, 0e+00, 0e+00, 1e+00, 1e+00, 1e+00, 0e+00, 0e+00, 0e+00, 1e+00, 0e+00, 0e+00, 0e+00, 0e+00, 0e+00, 0e+00, 0e+00, 1e+00, 0e+00, 0e+00, 0e+00, 5.857314633317401e-12, 1e+00, 0e+00, 0e+00, 0e+00, 0e+00, 0e+00, 0e+00, 0e+00, 0e+00, 0e+00, 0e+00, 0e+00, 0e+00, 0e+00, 0e+00, 0e+00, 0e+00, 0e+00, 0e+00, 1e+00, 1e+00, 1e+00, 0e+00, 0e+00, 0e+00, 1e+00, 1e+00, 1e+00, 0e+00, 0e+00]
thermoFluid.PHeaPum=[0e+00, 2.876049876213074e-01, 3.79462194442749e+00, 2.976821517944336e+01, 1.649041290283203e+02, 8.934771118164062e+02, 7.202735170722008e-03, 4.43730264902089e-01, 3.012810707092285e+01, 6.60205078125e+02, 3.122593276202679e-02, 1.077538299560547e+01, 6.438230590820312e+02, 9.120634198188782e-02, 5.110245895385476e+01, 1.915223876953125e+03, 2.070105314254761e+00, 3.562896423339164e+02, 6.41767680644989e-02, 7.708961486816406e+01, 1.003003306686878e-02, 3.75689811706543e+01, 4.959074314683676e-03, 2.816354942321777e+01, 4.175157286226749e-03, 2.949124908447266e+01, 5.577567499130964e-03, 4.226827239990234e+01, 1.244201790540637e-02, 1.196217269897461e+02, 5.286068320274353e-01, 9.447038650512695e+00, 6.859346758574247e-04, -5.635559136862867e-05, 2.641872561070942e-04, 3.980490816957172e-06, -3.161826578335081e-09, -0e+00, -0e+00, -0e+00, -0e+00, -0e+00, -0e+00, 6.512702044325636e-10, 1.488403631810797e-05, -3.177471398885245e-06, 1.692773594186292e-06, 4.722521698568016e-04, 2.679946599528193e-03, 1.547514257254079e-04, 1.117933265959437e-06, -9.016620765578409e-07, 3.914647521972656e+02, 1.998641204833984e+02, 4.322905578613281e+02, 3.345486902616085e-06, 3.820814072241488e-06, -8.361665763345627e-06, 5.426409301757812e+02, 2.708618121687323e-04, 7.957071304321289e+00, 2.124894142150879e+01, 9.207440912723541e-02, -5.23561320733279e-05, 2.348383516073227e-01, 1.178190002441406e+02, 3.040301208496094e+02, 5.738711547851562e+01, 8.406457304953315e-02, 3.074715900481806e-04, 1.182958450318816e+02, 3.856667785644531e+02, 2.653493881225586e+01, 2.884745407104492e+01, 3.077941131591797e+01, 2.463669395446777e+01, 1.508305263519287e+01, 7.137367248535156e+00, 2.370014190673828e+00, 4.822424948215485e-01, 1.041608080267906e-01, 4.184354096651077e-02, 5.627025291323662e-02, 2.133473306894302e-01, 1.421061158180237e+00, 6.751117706298828e+00, 1.638544654846191e+01, 2.730241203308105e+01, 4.110407257080078e+01, 7.735538482666016e+01, 1.970903778076172e+02, 6.287294921875e+02, 1.584416381835938e+03, 1.930871949298307e-04, 1.984720001928508e-04, 5.612042150460184e-04, 1.544853759765625e+03, 7.8815283203125e+02, 2.406663055419922e+02, 6.037375259399414e+01, 9.034459114074707e+00]
thermoFluid.PPum=[0e+00, 6.895081128277525e-08, 4.041288775624707e-06, 2.787300909403712e-04, 1.65098812431097e-02, 1.209524989128113e+00, 9.823961089061584e-11, 1.57956392854421e-07, 2.949973859358579e-04, 5.877593755722046e-01, 1.539176675002807e-09, 3.42816929332912e-05, 5.540388822555542e-01, 1.078233324847133e-08, 9.555595461278657e-04, 3.704521179199219e+00, 1.603777491254732e-06, 1.227857992052682e-01, 5.718107320973331e-09, 2.521397778764367e-03, 1.81983469960123e-10, 4.743400204461068e-04, 4.809236689440333e-11, 2.525394957046956e-04, 3.47546887102812e-11, 2.786849800031632e-04, 5.994085089389145e-11, 6.151440320536494e-04, 2.711015023579961e-10, 7.43431132286787e-03, 1.81868486492931e-07, 2.169342405977659e-05, 1.181655901599798e-12, 1.596578331510261e-14, 2.420980896224746e-13, 4.423544863740858e-16, 6.160927151530473e-20, -0e+00, -0e+00, -0e+00, -0e+00, -0e+00, -0e+00, 2.331092709196032e-21, 1.052332981361535e-15, 3.71428381059094e-17, 1.53404995567981e-17, 3.275044081416101e-13, 8.301448070624495e-12, 4.422471842403276e-14, 6.897501372464769e-18, 9.6647733139859e-18, 4.56476241350174e-01, 3.451763838529587e-02, 8.036301136016846e-01, 1.82803593416794e-16, 1.314318921988651e-16, 8.612902058224847e-16, 1.629371404647827e+00, 1.113402854071785e-13, 1.137906656367704e-05, 9.213653538608924e-05, 6.704720334482772e-09, 1.04624806607505e-14, 3.627642897185979e-08, 6.290253251791e-03, 1.098840981721878e-01, 9.589578839950264e-04, 6.189954770973386e-09, 2.843064325630529e-13, 6.448377855148534e-03, 1.236229538917542e-01, 1.854339352576062e-04, 2.26248026592657e-04, 2.609057119116187e-04, 1.608520105946809e-04, 5.689162571798079e-05, 1.229080862685805e-05, 1.679955744293693e-06, 1.509032188096171e-07, 1.117402170791593e-08, 2.122978015606236e-09, 3.65528318724273e-09, 3.881547527839757e-08, 7.82422034717456e-07, 1.089545821741922e-05, 6.723015394527465e-05, 2.000465028686449e-04, 4.957342171110213e-04, 2.218145411461592e-03, 2.556663192808628e-02, 6.016324758529663e-01, 3.366809606552124e+00, 9.098226187199965e-14, 8.788861294555667e-14, 7.5831550240546e-13, 2.883504152297974e+00, 1.050565004348755e+00, 4.369806498289108e-02, 1.219257013872266e-03, 1.987732321140356e-05]
thermoFluid.heaPum.senTConEnt.T=[2.931499938964844e+02, 3.214695434570312e+02, 3.217300415039062e+02, 3.217341003417969e+02, 3.220547485351562e+02, 3.222217407226562e+02, 3.216217041015625e+02, 3.215955810546875e+02, 3.216325988769531e+02, 3.221380920410156e+02, 3.215306091308594e+02, 3.215169982910156e+02, 3.220775451660156e+02, 3.214768371582031e+02, 3.215976867675781e+02, 3.215322265625e+02, 3.214638977050781e+02, 3.219941406249999e+02, 3.214424438476562e+02, 3.216358947753906e+02, 3.214047546386719e+02, 3.214761047363281e+02, 3.213868103027344e+02, 3.21436279296875e+02, 3.213762512207031e+02, 3.21429931640625e+02, 3.213661804199219e+02, 3.214597778320312e+02, 3.213524475097656e+02, 3.216307983398438e+02, 3.195121459960938e+02, 3.190036926269531e+02, 3.185544738769531e+02, 3.173265686035156e+02, 3.15248779296875e+02, 3.13344482421875e+02, 3.123189086914062e+02, 3.118367004394531e+02, 3.118367004394531e+02, 3.118367004394531e+02, 3.118367004394531e+02, 3.118367004394531e+02, 3.118367004394531e+02, 3.113937683105469e+02, 3.103847961425781e+02, 3.099741516113281e+02, 3.104987487792969e+02, 3.113594055175781e+02, 3.1190673828125e+02, 3.122822875976562e+02, 3.125540771484375e+02, 3.126141357421875e+02, 3.129223327636719e+02, 3.128023986816406e+02, 3.12692138671875e+02, 3.123314514160156e+02, 3.122757263183594e+02, 3.123439636230469e+02, 3.128424377441406e+02, 3.129407958984375e+02, 3.133518981933594e+02, 3.137516174316406e+02, 3.140745544433594e+02, 3.143971252441406e+02, 3.147317199707031e+02, 3.152283630371094e+02, 3.156299438476562e+02, 3.156086730957031e+02, 3.157184448242188e+02, 3.158580322265625e+02, 3.161677551269534e+02, 3.174662475585938e+02, 3.189011840820312e+02, 3.190646667480469e+02, 3.19105224609375e+02, 3.191126098632812e+02, 3.191068420410156e+02, 3.1910693359375e+02, 3.191200866699219e+02, 3.191319580078125e+02, 3.191349792480469e+02, 3.191056823730469e+02, 3.190541687011719e+02, 3.190051574707031e+02, 3.189842834472656e+02, 3.189903564453125e+02, 3.190278015136719e+02, 3.190729370117188e+02, 3.191131896972656e+02, 3.191994323730469e+02, 3.193661804199219e+02, 3.194542236328125e+02, 3.19020263671875e+02, 3.189745178222656e+02, 3.190269470214844e+02, 3.190902099609375e+02, 3.191817932128906e+02, 3.196419982910156e+02, 3.195846557617188e+02, 3.193081359863281e+02, 3.191853637695312e+02]
thermoFluid.heaPum.senTConLea.T=[2.931499938964844e+02, 3.23501220703125e+02, 3.238106079101562e+02, 3.237416381835938e+02, 3.237184448242188e+02, 3.236908264160156e+02, 3.23691650390625e+02, 3.236655578613281e+02, 3.236381530761719e+02, 3.235938110351562e+02, 3.236000671386719e+02, 3.235789184570312e+02, 3.235348815917969e+02, 3.235458068847656e+02, 3.235328063964844e+02, 3.235369873046875e+02, 3.235326232910156e+02, 3.235028991699219e+02, 3.235114440917969e+02, 3.234846801757812e+02, 3.234735107421875e+02, 3.234574279785156e+02, 3.234549865722656e+02, 3.234470825195312e+02, 3.234444274902344e+02, 3.234366455078125e+02, 3.234342651367188e+02, 3.234256286621094e+02, 3.234208679199219e+02, 3.233750915527344e+02, 3.215592041015625e+02, 3.209841613769531e+02, 3.205191040039062e+02, 3.192239990234375e+02, 3.169785766601562e+02, 3.148842163085938e+02, 3.137547607421875e+02, 3.132251281738281e+02, 3.132251281738281e+02, 3.132251281738281e+02, 3.132251281738281e+02, 3.132251281738281e+02, 3.132251281738281e+02, 3.127243041992188e+02, 3.115183410644531e+02, 3.110065002441406e+02, 3.115632019042969e+02, 3.125239868164062e+02, 3.131383056640625e+02, 3.135582580566406e+02, 3.138663635253906e+02, 3.139377746582031e+02, 3.138348999023438e+02, 3.13802001953125e+02, 3.135886840820312e+02, 3.1362646484375e+02, 3.135619201660156e+02, 3.136339416503906e+02, 3.137610168457031e+02, 3.142915954589844e+02, 3.147493591308594e+02, 3.151732482910156e+02, 3.155546264648438e+02, 3.159134826660156e+02, 3.162859802246094e+02, 3.165731811523438e+02, 3.168172607421875e+02, 3.171422119140625e+02, 3.173824768066406e+02, 3.175396423339844e+02, 3.176069335937499e+02, 3.186505432128906e+02, 3.2079931640625e+02, 3.209821472167969e+02, 3.210216674804688e+02, 3.210468444824219e+02, 3.210659484863281e+02, 3.210821838378906e+02, 3.210958862304688e+02, 3.211084289550781e+02, 3.211124267578125e+02, 3.210823364257812e+02, 3.21028076171875e+02, 3.209751281738281e+02, 3.209515686035156e+02, 3.209579467773438e+02, 3.209781188964844e+02, 3.2099755859375e+02, 3.210014343261719e+02, 3.209793090820312e+02, 3.209332885742188e+02, 3.208817138671875e+02, 3.209113464355469e+02, 3.209393615722656e+02, 3.209945068359375e+02, 3.210617980957031e+02, 3.211103210449219e+02, 3.210935668945312e+02, 3.211192626953125e+02, 3.211463012695312e+02, 3.211636352539062e+02]
thermoFluid.zon.thermalZoneOneElement.volAir.heatPort.Q_flow=[-1.102644897460938e+03, -1.276385009765625e+03, -1.286052124023438e+03, -1.29196044921875e+03, -1.283013916015625e+03, -1.268107421875e+03, -1.252876586914062e+03, -1.263189331054687e+03, -1.273326904296875e+03, -1.253512084960938e+03, -1.242481201171875e+03, -1.26063232421875e+03, -1.243697509765625e+03, -1.237798828125e+03, -1.256166015624998e+03, -1.229602661132812e+03, -1.247011108398438e+03, -1.242025634765627e+03, -1.230296020507812e+03, -1.245565673828125e+03, -1.217664184570312e+03, -1.243357788085938e+03, -1.21297265625e+03, -1.241507202148438e+03, -1.210661376953125e+03, -1.239813110351562e+03, -1.20994482421875e+03, -1.238041015625e+03, -1.209430053710934e+03, -1.222845825195312e+03, -9.06017822265625e+02, -8.808057861328125e+02, -7.686005859375e+02, -5.711892700195312e+02, -3.393924865722639e+02, -1.69528350830079e+02, -8.322439575195312e+01, -2.880753040313721e+00, 2.215459251403809e+01, 2.052484703063965e+01, 3.189809083938599e+00, -2.587995338439941e+01, -4.005923080444336e+01, -1.012246780395508e+02, -1.809335021972656e+02, -2.355369110107422e+02, -2.916988525390625e+02, -3.275147705078125e+02, -3.478158874511719e+02, -3.620968017578125e+02, -3.553585205078125e+02, -3.494030456542969e+02, -3.572628784179688e+02, -3.553524169921875e+02, -3.402590026855469e+02, -3.248988647460919e+02, -3.317472229003888e+02, -3.434511718750014e+02, -3.685198059082031e+02, -3.998085327148438e+02, -4.363118896484375e+02, -4.588433227539062e+02, -4.729216918945312e+02, -4.77789794921875e+02, -5.16273681640625e+02, -5.351689453125e+02, -5.457584838867188e+02, -5.758074340820312e+02, -5.81891662597653e+02, -5.729144287109399e+02, -5.965724487304601e+02, -8.871275024414062e+02, -9.04450927734375e+02, -9.07041015625e+02, -9.095859375e+02, -9.117310791015625e+02, -9.128507080078125e+02, -9.126412963867188e+02, -9.10839599609375e+02, -9.081827392578125e+02, -9.030570678710938e+02, -8.9542919921875e+02, -8.89593505859375e+02, -8.88464599609375e+02, -8.92694580078125e+02, -8.988737182617188e+02, -9.037156372070312e+02, -9.061458740234375e+02, -9.054130859375e+02, -8.999815673828125e+02, -8.89624267578125e+02, -8.7768603515625e+02, -8.676641845703125e+02, -8.703279418945312e+02, -8.794222412109375e+02, -8.849424438476562e+02, -8.910670776367188e+02, -9.01456298828125e+02, -9.115145874023438e+02, -9.217400512695312e+02, -9.22894775390625e+02]
