last-generated=2022-03-29
statistics-initialization=
{
  "nonlinear": "1, 1, 1",
  "numerical Jacobians": "0"
}
statistics-simulation=
{
  "linear": " ",
  "nonlinear": "1, 1, 1",
  "number of continuous time states": "3",
  "numerical Jacobians": "0"
}
time=[0e+00, 1e+00]
conSta.y=[0e+00, 0e+00]
staPul.y=[0e+00, 6.279052189025491e-02, 1.25333237452147e-01, 1.87381316384595e-01, 2.486898953400374e-01, 3.090169981213638e-01, 3.681245524355013e-01, 4.257792813474344e-01, 4.817536869409441e-01, 5.358267832061716e-01, 5.877852363791168e-01, 6.374239950275338e-01, 6.845471385054688e-01, 7.289686406719382e-01, 7.705132341174212e-01, 8.090169803797332e-01, 8.443279385564225e-01, 8.763066475484895e-01, 9.048270389253867e-01, 9.297764951615509e-01, 9.510565341141564e-01, 9.685831765931435e-01, 9.822872294647284e-01, 9.921147192796552e-01, 9.980267305350982e-01, 1e+00, 9.980267244918735e-01, 9.921147307571708e-01, 9.822872294647284e-01, 9.685831532414171e-01, 9.510565627098908e-01, 9.297764951615509e-01, 9.048270389253867e-01, 8.763066922604196e-01, 8.443279385564224e-01, 8.090169803797334e-01, 7.70513293378626e-01, 7.289686406719382e-01, 6.845471043245245e-01, 6.374239225441147e-01, 5.877852741471399e-01, 5.358267832061717e-01, 4.817536046821024e-01, 4.257793235890364e-01, 3.681245306579511e-01, 3.09016931203703e-01, 2.4868994060828e-01, 1.873813048850161e-01, 1.25333167736893e-01, 6.279058026677091e-02, 1.224646852585168e-16, -6.279058026588016e-02, -1.253333534655283e-01, -1.873814886111367e-01, -2.486897591159556e-01, -3.09016931204767e-01, -3.681245306577434e-01, -4.25779323588432e-01, -4.817537686995679e-01, -5.358269408238375e-01, -5.877851222471265e-01, -6.37423922545152e-01, -6.845471043248518e-01, -7.289686406716347e-01, -7.705132933777787e-01, -8.09017089869116e-01, -8.4432783747032e-01, -8.763066019302793e-01, -9.048270389256758e-01, -9.297764951616316e-01, -9.510565627095525e-01, -9.685831993059969e-01, -9.822871933156057e-01, -9.921147069617686e-01, -9.980267244919351e-01, -1e+00, -9.980267244919351e-01, -9.921147069617686e-01, -9.822871933156057e-01, -9.685831993059969e-01, -9.510565627095525e-01, -9.297764951616316e-01, -9.048270389256758e-01, -8.763066019302793e-01, -8.4432783747032e-01, -8.09017089869116e-01, -7.705132933777787e-01, -7.289686406716347e-01, -6.845471043248518e-01, -6.37423922545152e-01, -5.877851222471265e-01, -5.358269408238375e-01, -4.817537686995679e-01, -4.25779323588432e-01, -3.681245306577434e-01, -3.09016931204767e-01, -2.486897591159556e-01, -1.873814886111366e-01, -1.253333534655283e-01, -6.279058026588016e-02, -2.449293705170336e-16]
unStaPul.y=[0e+00, 1.255810437805098e-01, 2.506664749042939e-01, 3.7476263276919e-01, 4.973797906800748e-01, 6.180339962427276e-01, 7.362491048710026e-01, 8.515585626948688e-01, 9.635073738818882e-01, 1.071653566412343e+00, 1.175570472758234e+00, 1.274847990055068e+00, 1.369094277010938e+00, 1.457937281343876e+00, 1.541026468234842e+00, 1.618033960759466e+00, 1.688655877112845e+00, 1.752613295096979e+00, 1.809654077850773e+00, 1.859552990323102e+00, 1.902113068228313e+00, 1.937166353186287e+00, 1.964574458929457e+00, 1.98422943855931e+00, 1.996053461070196e+00, 2e+00, 1.996053448983747e+00, 1.984229461514342e+00, 1.964574458929457e+00, 1.937166306482834e+00, 1.902113125419782e+00, 1.859552990323102e+00, 1.809654077850773e+00, 1.752613384520839e+00, 1.688655877112845e+00, 1.618033960759467e+00, 1.541026586757252e+00, 1.457937281343876e+00, 1.369094208649049e+00, 1.274847845088229e+00, 1.17557054829428e+00, 1.071653566412343e+00, 9.635072093642048e-01, 8.515586471780728e-01, 7.362490613159023e-01, 6.180338624074061e-01, 4.973798812165601e-01, 3.747626097700323e-01, 2.506663354737861e-01, 1.255811605335418e-01, 2.449293705170336e-16, -1.255811605317603e-01, -2.506667069310566e-01, -3.747629772222733e-01, -4.973795182319112e-01, -6.18033862409534e-01, -7.362490613154867e-01, -8.515586471768639e-01, -9.635075373991359e-01, -1.071653881647675e+00, -1.175570244494253e+00, -1.274847845090304e+00, -1.369094208649704e+00, -1.457937281343269e+00, -1.541026586755557e+00, -1.618034179738232e+00, -1.68865567494064e+00, -1.752613203860559e+00, -1.809654077851352e+00, -1.859552990323263e+00, -1.902113125419105e+00, -1.937166398611994e+00, -1.964574386631211e+00, -1.984229413923537e+00, -1.99605344898387e+00, -2e+00, -1.99605344898387e+00, -1.984229413923537e+00, -1.964574386631211e+00, -1.937166398611994e+00, -1.902113125419105e+00, -1.859552990323263e+00, -1.809654077851352e+00, -1.752613203860559e+00, -1.68865567494064e+00, -1.618034179738232e+00, -1.541026586755557e+00, -1.457937281343269e+00, -1.369094208649704e+00, -1.274847845090304e+00, -1.175570244494253e+00, -1.071653881647675e+00, -9.635075373991359e-01, -8.515586471768639e-01, -7.362490613154867e-01, -6.18033862409534e-01, -4.973795182319112e-01, -3.747629772222733e-01, -2.506667069310566e-01, -1.255811605317603e-01, -4.898587410340671e-16]
conTF.heaPum.sta_b1.T=[3.131499938964844e+02, 3.131499938964844e+02, 3.131499938964844e+02, 3.131499938964844e+02, 3.131499938964844e+02, 3.131499938964844e+02, 3.131499938964844e+02, 3.131499938964844e+02, 3.131499938964844e+02, 3.131499938964844e+02, 3.131499938964844e+02, 3.131499938964844e+02, 3.131499938964844e+02, 3.131499938964844e+02, 3.131499938964844e+02, 3.131499938964844e+02, 3.131499938964844e+02, 3.131499938964844e+02, 3.131499938964844e+02, 3.131499938964844e+02, 3.131499938964844e+02, 3.131499938964844e+02, 3.131499938964844e+02, 3.131499938964844e+02, 3.131499938964844e+02, 3.131499938964844e+02, 3.131499938964844e+02, 3.131499938964844e+02, 3.131499938964844e+02, 3.131499938964844e+02, 3.131499938964844e+02, 3.131499938964844e+02, 3.131499938964844e+02, 3.131499938964844e+02, 3.131499938964844e+02, 3.131499938964844e+02, 3.131499938964844e+02, 3.131499938964844e+02, 3.131499938964844e+02, 3.131499938964844e+02, 3.131499938964844e+02, 3.131499938964844e+02, 3.131499938964844e+02, 3.131499938964844e+02, 3.131499938964844e+02, 3.131499938964844e+02, 3.131499938964844e+02, 3.131499938964844e+02, 3.131499938964844e+02, 3.131499938964844e+02, 3.131499938964844e+02, 3.131499938964844e+02, 3.131499938964844e+02, 3.131499938964844e+02, 3.131499938964844e+02, 3.131499938964844e+02, 3.131499938964844e+02, 3.131499938964844e+02, 3.131499938964844e+02, 3.131499938964844e+02, 3.131499938964844e+02, 3.131499938964844e+02, 3.131499938964844e+02, 3.131499938964844e+02, 3.131499938964844e+02, 3.131499938964844e+02, 3.131499938964844e+02, 3.131499938964844e+02, 3.131499938964844e+02, 3.131499938964844e+02, 3.131499938964844e+02, 3.131499938964844e+02, 3.131499938964844e+02, 3.131499938964844e+02, 3.131499938964844e+02, 3.131499938964844e+02, 3.131499938964844e+02, 3.131499938964844e+02, 3.131499938964844e+02, 3.131499938964844e+02, 3.131499938964844e+02, 3.131499938964844e+02, 3.131499938964844e+02, 3.131499938964844e+02, 3.131499938964844e+02, 3.131499938964844e+02, 3.131499938964844e+02, 3.131499938964844e+02, 3.131499938964844e+02, 3.131499938964844e+02, 3.131499938964844e+02, 3.131499938964844e+02, 3.131499938964844e+02, 3.131499938964844e+02, 3.131499938964844e+02, 3.131499938964844e+02, 3.131499938964844e+02, 3.131499938964844e+02, 3.131499938964844e+02, 3.131499938964844e+02, 3.131499938964844e+02]
staTF.heaPum.sta_b1.T=[3.131499938964844e+02, 3.13181793214347e+02, 3.132680358938901e+02, 3.134037780871097e+02, 3.135835876646834e+02, 3.138014526194611e+02, 3.140511474966056e+02, 3.143263244544278e+02, 3.146206055229376e+02, 3.149278258165216e+02, 3.15242065382644e+02, 3.155577087589608e+02, 3.158696900239154e+02, 3.16173309467689e+02, 3.164645080396331e+02, 3.167396543813087e+02, 3.169956971085228e+02, 3.17230071981212e+02, 3.174407042021851e+02, 3.176259460853034e+02, 3.17784423784151e+02, 3.179152222427018e+02, 3.180176086527281e+02, 3.180910644273409e+02, 3.181352539204926e+02, 3.181499938964844e+02, 3.181352538752545e+02, 3.180910645130424e+02, 3.180176086527281e+02, 3.179152220682702e+02, 3.177844239974726e+02, 3.176259460853034e+02, 3.174407042021851e+02, 3.172300723106122e+02, 3.169956971085228e+02, 3.167396543813087e+02, 3.164645084600189e+02, 3.16173309467689e+02, 3.158696897938501e+02, 3.15557708289708e+02, 3.152420656179525e+02, 3.149278258165216e+02, 3.146206050747759e+02, 3.143263246686179e+02, 3.140511473987282e+02, 3.138014523605967e+02, 3.135835878163413e+02, 3.134037780577819e+02, 3.132680357739121e+02, 3.131817932750272e+02, 3.131499938964844e+02, 3.131181945179425e+02, 3.130319821989434e+02, 3.128962092501249e+02, 3.127164310844602e+02, 3.124985659499461e+02, 3.122488709118196e+02, 3.11973693641932e+02, 3.116793818187302e+02, 3.113721610460846e+02, 3.110579536335445e+02, 3.107422795032541e+02, 3.104303285166218e+02, 3.101266783252819e+02, 3.098355098503157e+02, 3.095603631398078e+02, 3.093043219385399e+02, 3.09069916147354e+02, 3.088592835907814e+02, 3.086740722252429e+02, 3.085155637954987e+02, 3.083847653807503e+02, 3.082823794105745e+02, 3.082089539752904e+02, 3.081647644351464e+02, 3.081499938964844e+02, 3.081647644351464e+02, 3.082089539752904e+02, 3.082823794105745e+02, 3.083847653807503e+02, 3.085155637954987e+02, 3.086740722252429e+02, 3.088592835907814e+02, 3.09069916147354e+02, 3.093043219385399e+02, 3.095603631398078e+02, 3.098355098503157e+02, 3.101266783252819e+02, 3.104303285166218e+02, 3.107422795032541e+02, 3.110579536335445e+02, 3.113721610460846e+02, 3.116793818187302e+02, 3.11973693641932e+02, 3.122488709118196e+02, 3.124985659499461e+02, 3.127164310844602e+02, 3.128962092501249e+02, 3.130319821989434e+02, 3.131181945179425e+02, 3.131499938964844e+02]
unStaTF.heaPum.sta_b1.T=[3.131499938964844e+02, 3.132684631402567e+02, 3.135900879097994e+02, 3.140812988668524e+02, 3.147071838996908e+02, 3.154327392014011e+02, 3.16223877062585e+02, 3.170484924068841e+02, 3.178773500000895e+02, 3.186846920991053e+02, 3.194490050162906e+02, 3.20153106728916e+02, 3.207845460550658e+02, 3.213353884223174e+02, 3.218022155503605e+02, 3.221855466659985e+02, 3.224893799754716e+02, 3.227207030884384e+02, 3.228885191835363e+02, 3.230033874721266e+02, 3.230762939277593e+02, 3.23118164080708e+02, 3.231390075698146e+02, 3.231473693826647e+02, 3.231496887211124e+02, 3.231499938964844e+02, 3.231496887196845e+02, 3.231473693890221e+02, 3.231390075698146e+02, 3.231181640357609e+02, 3.230762940078856e+02, 3.230033874721266e+02, 3.228885191835363e+02, 3.22720703376111e+02, 3.224893799754716e+02, 3.221855466659985e+02, 3.218022161718533e+02, 3.213353884223174e+02, 3.207845456122019e+02, 3.201531057213889e+02, 3.194490055623273e+02, 3.186846920991053e+02, 3.17877348772838e+02, 3.17048493026449e+02, 3.162238767601306e+02, 3.154327383552318e+02, 3.14707184414691e+02, 3.140812987624778e+02, 3.135900874669468e+02, 3.13268463369051e+02, 3.131499938964844e+02, 3.130315244240668e+02, 3.1270989908454e+02, 3.122187178296433e+02, 3.115928359129441e+02, 3.108672799553016e+02, 3.100761415504192e+02, 3.092514947666378e+02, 3.084226670890288e+02, 3.076152933524775e+02, 3.068510149541681e+02, 3.061469125889253e+02, 3.05515472698268e+02, 3.049645993706549e+02, 3.044977716213426e+02, 3.041144706373879e+02, 3.038106086276626e+02, 3.035793155265288e+02, 3.0341146860954e+02, 3.0329663083842e+02, 3.032237243024803e+02, 3.031818541884578e+02, 3.031609802665182e+02, 3.031526184178072e+02, 3.031502990732843e+02, 3.031499938964844e+02, 3.031502990732843e+02, 3.031526184178072e+02, 3.031609802665182e+02, 3.031818541884578e+02, 3.032237243024803e+02, 3.0329663083842e+02, 3.0341146860954e+02, 3.035793155265288e+02, 3.038106086276626e+02, 3.041144706373879e+02, 3.044977716213426e+02, 3.049645993706549e+02, 3.05515472698268e+02, 3.061469125889253e+02, 3.068510149541681e+02, 3.076152933524775e+02, 3.084226670890288e+02, 3.092514947666378e+02, 3.100761415504192e+02, 3.108672799553016e+02, 3.115928359129441e+02, 3.122187178296433e+02, 3.1270989908454e+02, 3.130315244240668e+02, 3.131499938964844e+02]
staTF.TMin=[3.031499938964844e+02, 3.031499938964844e+02]
staTF.TMax=[3.231499938964844e+02, 3.231499938964844e+02]
staTF.T0=[3.131499938964844e+02, 3.131499938964844e+02]
conTF.heaPum.P=[7.856659375e+04, 7.856659375e+04, 7.856659375e+04, 7.856659375e+04, 7.856659375e+04, 7.856659375e+04, 7.856659375e+04, 7.856659375e+04, 7.856659375e+04, 7.856659375e+04, 7.856659375e+04, 7.856659375e+04, 7.856659375e+04, 7.856659375e+04, 7.856659375e+04, 7.856659375e+04, 7.856659375e+04, 7.856659375e+04, 7.856659375e+04, 7.856659375e+04, 7.856659375e+04, 7.856659375e+04, 7.856659375e+04, 7.856659375e+04, 7.856659375e+04, 7.856659375e+04, 7.856659375e+04, 7.856659375e+04, 7.856659375e+04, 7.856659375e+04, 7.856659375e+04, 7.856659375e+04, 7.856659375e+04, 7.856659375e+04, 7.856659375e+04, 7.856659375e+04, 7.856659375e+04, 7.856659375e+04, 7.856659375e+04, 7.856659375e+04, 7.856659375e+04, 7.856659375e+04, 7.856659375e+04, 7.856659375e+04, 7.856659375e+04, 7.856659375e+04, 7.856659375e+04, 7.856659375e+04, 7.856659375e+04, 7.856659375e+04, 7.856659375e+04, 7.856659375e+04, 7.856659375e+04, 7.856659375e+04, 7.856659375e+04, 7.856659375e+04, 7.856659375e+04, 7.856659375e+04, 7.856659375e+04, 7.856659375e+04, 7.856659375e+04, 7.856659375e+04, 7.856659375e+04, 7.856659375e+04, 7.856659375e+04, 7.856659375e+04, 7.856659375e+04, 7.856659375e+04, 7.856659375e+04, 7.856659375e+04, 7.856659375e+04, 7.856659375e+04, 7.856659375e+04, 7.856659375e+04, 7.856659375e+04, 7.856659375e+04, 7.856659375e+04, 7.856659375e+04, 7.856659375e+04, 7.856659375e+04, 7.856659375e+04, 7.856659375e+04, 7.856659375e+04, 7.856659375e+04, 7.856659375e+04, 7.856659375e+04, 7.856659375e+04, 7.856659375e+04, 7.856659375e+04, 7.856659375e+04, 7.856659375e+04, 7.856659375e+04, 7.856659375e+04, 7.856659375e+04, 7.856659375e+04, 7.856659375e+04, 7.856659375e+04, 7.856659375e+04, 7.856659375e+04, 7.856659375e+04, 7.856659375e+04]
staTF.heaPum.P=[7.856659375e+04, 7.876905469678383e+04, 7.931910940836521e+04, 8.018832819521932e+04, 8.134542980508412e+04, 8.275667176290952e+04, 8.438635960895459e+04, 8.619733588163802e+04, 8.815153942429015e+04, 9.021065550187475e+04, 9.233670280553955e+04, 9.4492718878641e+04, 9.664332869699039e+04, 9.875530567697235e+04, 1.00797999880309e+05, 1.027437019920484e+05, 1.045678053103021e+05, 1.062489450229408e+05, 1.077689520866519e+05, 1.09112687793813e+05, 1.102678903039505e+05, 1.112248599221858e+05, 1.119761875745522e+05, 1.125164607477248e+05, 1.128420313549831e+05, 1.1295078125e+05, 1.128420310220127e+05, 1.125164613794349e+05, 1.119761875745522e+05, 1.112248586442253e+05, 1.102678918619336e+05, 1.09112687793813e+05, 1.077689520866519e+05, 1.062489473936758e+05, 1.045678053103021e+05, 1.027437019920484e+05, 1.007980028448122e+05, 9.875530567697235e+04, 9.664332710442154e+04, 9.449271566099554e+04, 9.233670440638084e+04, 9.021065550187476e+04, 8.815153643687881e+04, 8.619733729866245e+04, 8.438635896772415e+04, 8.275667008155576e+04, 8.134543078494967e+04, 8.018832800703893e+04, 7.931910864275842e+04, 7.876905508360932e+04, 7.856659375e+04, 7.83643433549024e+04, 7.781702202623492e+04, 7.695850487005476e+04, 7.582762763899754e+04, 7.446650953234428e+04, 7.291903944669412e+04, 7.122931124402102e+04, 6.944032507032299e+04, 6.7592909169889e+04, 6.572483257832291e+04, 6.387017450963903e+04, 6.205897741473886e+04, 6.031705778768533e+04, 5.866606022787215e+04, 5.71236214933039e+04, 5.570373405663742e+04, 5.441707627361794e+04, 5.327155155913332e+04, 5.227271853326448e+04, 5.142428034749386e+04, 5.072852995501788e+04, 5.018675137326777e+04, 4.979956312039935e+04, 4.956721109999441e+04, 4.94897578125e+04, 4.956721109999441e+04, 4.979956312039935e+04, 5.018675137326777e+04, 5.072852995501788e+04, 5.142428034749386e+04, 5.227271853326448e+04, 5.327155155913332e+04, 5.441707627361794e+04, 5.570373405663742e+04, 5.71236214933039e+04, 5.866606022787215e+04, 6.031705778768533e+04, 6.205897741473886e+04, 6.387017450963903e+04, 6.572483257832291e+04, 6.7592909169889e+04, 6.944032507032299e+04, 7.122931124402102e+04, 7.291903944669412e+04, 7.446650953234428e+04, 7.582762763899754e+04, 7.695850487005476e+04, 7.781702202623492e+04, 7.83643433549024e+04, 7.856659375e+04]
unStaTF.heaPum.P=[7.856659375e+04, 7.932195316009573e+04, 8.138746887395611e+04, 8.458399244202145e+04, 8.872982072674406e+04, 9.363664024019794e+04, 9.910875076754646e+04, 1.049456248231392e+05, 1.109472432630147e+05, 1.169213494455988e+05, 1.226914600956152e+05, 1.28104500306465e+05, 1.330371731093585e+05, 1.374003144049606e+05, 1.411409685422782e+05, 1.442418264283665e+05, 1.46718563257946e+05, 1.486149840748027e+05, 1.49997014770327e+05, 1.509455001733374e+05, 1.515488592299235e+05, 1.518958439010043e+05, 1.520688281370233e+05, 1.521381093574632e+05, 1.521572968781013e+05, 1.52159890625e+05, 1.521572968666554e+05, 1.52138109409701e+05, 1.520688281370233e+05, 1.518958435289324e+05, 1.515488598943976e+05, 1.509455001733374e+05, 1.49997014770327e+05, 1.486149864412188e+05, 1.46718563257946e+05, 1.442418264283665e+05, 1.411409735515915e+05, 1.374003144049606e+05, 1.330371696259723e+05, 1.281044925066496e+05, 1.226914642621984e+05, 1.169213494455988e+05, 1.10947234292811e+05, 1.049456292681123e+05, 9.910874865287257e+04, 9.363663446817863e+04, 8.872982417877072e+04, 8.458399175766758e+04, 8.138746601779848e+04, 7.932195462241466e+04, 7.856659375e+04, 7.781420164180077e+04, 7.578678394135561e+04, 7.273311483392936e+04, 6.891765714179145e+04, 6.460187249899883e+04, 6.002903625820969e+04, 5.54127428314428e+04, 5.092970369547666e+04, 4.671654027728264e+04, 4.287016112401748e+04, 3.945077416552582e+04, 3.648700523147165e+04, 3.398168643367233e+04, 3.191785483024838e+04, 3.0264248556067e+04, 2.89799522282144e+04, 2.801807758168957e+04, 2.732871526756677e+04, 2.686121866504366e+04, 2.656618920006566e+04, 2.639735522880113e+04, 2.631341227768077e+04, 2.627983011697912e+04, 2.627053711340756e+04, 2.6269279296875e+04, 2.627053711340756e+04, 2.627983011697912e+04, 2.631341227768077e+04, 2.639735522880113e+04, 2.656618920006566e+04, 2.686121866504366e+04, 2.732871526756677e+04, 2.801807758168957e+04, 2.89799522282144e+04, 3.0264248556067e+04, 3.191785483024838e+04, 3.398168643367233e+04, 3.648700523147165e+04, 3.945077416552582e+04, 4.287016112401748e+04, 4.671654027728264e+04, 5.092970369547666e+04, 5.54127428314428e+04, 6.002903625820969e+04, 6.460187249899883e+04, 6.891765714179145e+04, 7.273311483392936e+04, 7.578678394135561e+04, 7.781420164180077e+04, 7.856659375e+04]
